=======================================================================
                    Multiplication Results - Matrix Multiplication Naive - Multi-Core 2 nodes 32 core
                          by Tara Mazaya Lababan - 2406514564
=======================================================================
Matrix Size | Processors | Total Time | Computation | Communication | Parallel
            |            | (s)        | Time (s)    | Time (s)      | Eff. (%)
------------+------------+------------+-------------+---------------+-----------
256         | 1          | 0.047835   | 0.047731    | 0.000000      | 99.78
256         | 2          | 0.048428   | 0.047519    | 0.048755      | 98.12
256         | 4          | 0.017040   | 0.015962    | 0.017811      | 93.67
256         | 8          | 0.011963   | 0.010588    | 0.016740      | 88.51
256         | 16         | 0.012127   | 0.007950    | 0.018668      | 65.56
256         | 32         | 0.012819   | 0.004202    | 0.022380      | 32.77
------------+------------+------------+-------------+---------------+-----------
512         | 1          | 0.381561   | 0.381061    | 0.000000      | 99.87
512         | 2          | 0.386996   | 0.383349    | 0.388740      | 99.06
512         | 4          | 0.143579   | 0.139972    | 0.157273      | 97.49
512         | 8          | 0.082807   | 0.077277    | 0.108453      | 93.32
512         | 16         | 0.043643   | 0.030067    | 0.059050      | 68.89
512         | 32         | 0.054049   | 0.022434    | 0.092949      | 41.51
------------+------------+------------+-------------+---------------+-----------
1024        | 1          | 3.044673   | 3.042540    | 0.000000      | 99.93
1024        | 2          | 3.064407   | 3.050643    | 3.072751      | 99.55
1024        | 4          | 1.037645   | 1.023687    | 1.052285      | 98.65
1024        | 8          | 0.475396   | 0.456044    | 0.500325      | 95.93
1024        | 16         | 0.401965   | 0.355119    | 0.580105      | 88.35
1024        | 32         | 0.330697   | 0.191928    | 0.537786      | 58.04
------------+------------+------------+-------------+---------------+-----------
2048        | 1          | 24.768654  | 24.754801   | 0.000000      | 99.94
2048        | 2          | 24.893060  | 24.840656   | 24.917551     | 99.79
2048        | 4          | 8.429206   | 8.377812    | 8.483522      | 99.39
2048        | 8          | 3.858533   | 3.803836    | 4.071959      | 98.58
2048        | 16         | 1.972389   | 1.789351    | 2.193900      | 90.72
2048        | 32         | 1.870309   | 1.623538    | 2.777959      | 86.81
------------+------------+------------+-------------+---------------+-----------
4096        | 1          | 199.118358 | 199.001973  | 0.000000      | 99.94
4096        | 2          | 200.833509 | 200.568309  | 200.866914    | 99.87
4096        | 4          | 67.977853  | 67.749885   | 68.663689     | 99.66
4096        | 8          | 30.041608  | 29.625443   | 30.865908     | 98.61
4096        | 16         | 14.909439  | 14.210601   | 15.743646     | 95.31
4096        | 32         | 13.865696  | 12.511654   | 19.600286     | 90.23
------------+------------+------------+-------------+---------------+-----------
=======================================================================
