=======================================================================
                    Multiplication Results
                          by Tara Mazaya Lababan - 2406514564
=======================================================================
Matrix Size | Processors | Total Time | Computation | Communication | Parallel
            |            | (s)        | Time (s)    | Time (s)      | Eff. (%)
------------+------------+------------+-------------+---------------+-----------
256         | 1          | 0.007997   | 0.006723    | 0.001022      | 84.07
256         | 2          |            |             |               |
256         | 4          | 0.003231   | 0.001334    | 0.002400      | 41.29
256         | 8          |            |             |               |
256         | 16         | 0.003770   | 0.000567    | 0.003384      | 15.04
256         | 32         |            |             |               |
------------+------------+------------+-------------+---------------+-----------
512         | 1          | 0.028255   | 0.024918    | 0.002637      | 88.19
512         | 2          |            |             |               |
512         | 4          | 0.014883   | 0.011089    | 0.008194      | 74.51
512         | 8          |            |             |               |
512         | 16         | 0.011134   | 0.005043    | 0.009279      | 45.29
512         | 32         |            |             |               |
------------+------------+------------+-------------+---------------+-----------
1024        | 1          | 0.210916   | 0.196851    | 0.011138      | 93.33
1024        | 2          |            |             |               |
1024        | 4          | 0.064084   | 0.050141    | 0.013606      | 78.24
1024        | 8          |            |             |               |
1024        | 16         | 0.041621   | 0.025501    | 0.028029      | 61.27
1024        | 32         |            |             |               |
------------+------------+------------+-------------+---------------+-----------
2048        | 1          | 4.474314   | 4.417434    | 0.045710      | 98.73
2048        | 2          |            |             |               |
2048        | 4          | 0.480653   | 0.426540    | 0.065491      | 88.74
2048        | 8          |            |             |               |
2048        | 16         | 0.167044   | 0.123522    | 0.062986      | 73.95
2048        | 32         |            |             |               |
------------+------------+------------+-------------+---------------+-----------
4096        | 1          | 35.941826  | 35.717139   | 0.180656      | 99.37
4096        | 2          |            |             |               |
4096        | 4          | 13.014215  | 12.661407   | 0.812647      | 97.29
4096        | 8          |            |             |               |
4096        | 16         | 4.364032   | 4.173023    | 2.964253      | 95.62
4096        | 32         |            |             |               |
------------+------------+------------+-------------+---------------+-----------
=======================================================================