=======================================================================
                    Multiplication Results - Matrix Vector Multiplication - Multi-Core 2 nodes 32 core
                          by Tara Mazaya Lababan - 2406514564
=======================================================================
Matrix Size | Processors | Total Time | Computation | Communication | Parallel
            |            | (s)        | Time (s)    | Time (s)      | Eff. (%)
------------+------------+------------+-------------+---------------+-----------
256         | 1          | 0.000364   | 0.000361    | 0.000000      | 99.26
256         | 2          | 0.000478   | 0.000174    | 0.000743      | 36.29
256         | 4          | 0.000354   | 0.000058    | 0.000641      | 16.34
256         | 8          | 0.000516   | 0.000049    | 0.000947      | 9.41
256         | 16         | 0.000681   | 0.000023    | 0.001279      | 3.39
256         | 32         | 0.001309   | 0.000020    | 0.002468      | 1.56
------------+------------+------------+-------------+---------------+-----------
512         | 1          | 0.000686   | 0.000679    | 0.000000      | 99.07
512         | 2          | 0.001320   | 0.000685    | 0.001947      | 51.90
512         | 4          | 0.001297   | 0.000397    | 0.002359      | 30.63
512         | 8          | 0.001439   | 0.000172    | 0.002652      | 11.93
512         | 16         | 0.001803   | 0.000092    | 0.003435      | 5.08
512         | 32         | 0.002476   | 0.000080    | 0.004829      | 3.22
------------+------------+------------+-------------+---------------+-----------
1024        | 1          | 0.002744   | 0.002740    | 0.000000      | 99.84
1024        | 2          | 0.005493   | 0.002789    | 0.008187      | 50.78
1024        | 4          | 0.004865   | 0.001622    | 0.008801      | 33.34
1024        | 8          | 0.003831   | 0.000475    | 0.007255      | 12.39
1024        | 16         | 0.004182   | 0.000249    | 0.008055      | 5.94
1024        | 32         | 0.005199   | 0.000136    | 0.010211      | 2.62
------------+------------+------------+-------------+---------------+-----------
2048        | 1          | 0.011220   | 0.011212    | 0.000000      | 99.93
2048        | 2          | 0.024665   | 0.011197    | 0.038129      | 45.40
2048        | 4          | 0.017079   | 0.003792    | 0.030363      | 22.20
2048        | 8          | 0.015301   | 0.001594    | 0.029014      | 10.42
2048        | 16         | 0.015152   | 0.000941    | 0.029354      | 6.21
2048        | 32         | 0.016497   | 0.000453    | 0.032561      | 2.75
------------+------------+------------+-------------+---------------+-----------
4096        | 1          | 0.045361   | 0.045344    | 0.000000      | 99.96
4096        | 2          | 0.095938   | 0.045325    | 0.146528      | 47.24
4096        | 4          | 0.065746   | 0.015302    | 0.116203      | 23.28
4096        | 8          | 0.059089   | 0.006479    | 0.111702      | 10.96
4096        | 16         | 0.057031   | 0.003652    | 0.110952      | 6.40
4096        | 32         | 0.058755   | 0.001832    | 0.115526      | 3.12
------------+------------+------------+-------------+---------------+-----------
=======================================================================
