=======================================================================
                    Multiplication Results - Matrix Multiplication Cannon - Multi-Core 2 nodes 32 core
                          by Tara Mazaya Lababan - 2406514564
=======================================================================
Matrix Size | Processors | Total Time | Computation | Communication | Parallel
            |            | (s)        | Time (s)    | Time (s)      | Eff. (%)
------------+------------+------------+-------------+---------------+-----------
256         | 1          | 0.004295   | 0.003504    | 0.000789      | 81.57
256         | 2          |            |             |               |
256         | 4          | 0.003028   | 0.001476    | 0.001846      | 48.73
256         | 8          |            |             |               |
256         | 16         | 0.002852   | 0.000577    | 0.002514      | 20.23
256         | 32         |            |             |               |
------------+------------+------------+-------------+---------------+-----------
512         | 1          | 0.028799   | 0.024931    | 0.003864      | 86.57
512         | 2          |            |             |               |
512         | 4          | 0.014323   | 0.010705    | 0.007701      | 74.74
512         | 8          |            |             |               |
512         | 16         | 0.010185   | 0.004655    | 0.007895      | 45.70
512         | 32         |            |             |               |
------------+------------+------------+-------------+---------------+-----------
1024        | 1          | 0.215131   | 0.198071    | 0.017052      | 92.07
1024        | 2          |            |             |               |
1024        | 4          | 0.067394   | 0.051368    | 0.017258      | 76.22
1024        | 8          |            |             |               |
1024        | 16         | 0.041495   | 0.025189    | 0.028167      | 60.70
1024        | 32         |            |             |               |
------------+------------+------------+-------------+---------------+-----------
2048        | 1          | 4.516600   | 4.426455    | 0.090137      | 98.00
2048        | 2          |            |             |               |
2048        | 4          | 0.477715   | 0.412401    | 0.076269      | 86.33
2048        | 8          |            |             |               |
2048        | 16         | 0.249153   | 0.204497    | 0.146157      | 82.08
2048        | 32         |            |             |               |
------------+------------+------------+-------------+---------------+-----------
4096        | 1          | 35.648365  | 35.287024   | 0.361333      | 98.99
4096        | 2          |            |             |               |
4096        | 4          | 12.932401  | 12.624184   | 0.687383      | 97.62
4096        | 8          |            |             |               |
4096        | 16         | 4.075977   | 3.888879    | 2.844096      | 95.41
4096        | 32         |            |             |               |
------------+------------+------------+-------------+---------------+-----------
=======================================================================
