=======================================================================
                    Multiplication Results
                          by Tara Mazaya Lababan - 2406514564
=======================================================================
Matrix Size | Processors | Total Time | Computation | Communication | Parallel
            |            | (s)        | Time (s)    | Time (s)      | Eff. (%)
------------+------------+------------+-------------+---------------+-----------
256         | 1          | 0.013052   | 0.011459    | 0.001278      | 87.79
256         | 2          |            |             |               |
256         | 4          | 0.003521   | 0.002134    | 0.001334      | 60.62
256         | 8          |            |             |               |
256         | 16         | 0.019391   | 0.003207    | 0.018447      | 16.54
256         | 32         |            |             |               |
------------+------------+------------+-------------+---------------+-----------
512         | 1          | 0.062173   | 0.057711    | 0.003668      | 92.82
512         | 2          |            |             |               |
512         | 4          | 0.021093   | 0.016685    | 0.004515      | 79.10
512         | 8          |            |             |               |
512         | 16         | 0.071963   | 0.022932    | 0.063783      | 31.87
512         | 32         |            |             |               |
------------+------------+------------+-------------+---------------+-----------
1024        | 1          | 0.657678   | 0.636168    | 0.017268      | 96.73
1024        | 2          |            |             |               |
1024        | 4          | 0.264435   | 0.248340    | 0.025011      | 93.91
1024        | 8          |            |             |               |
1024        | 16         | 0.277231   | 0.133891    | 0.217609      | 48.30
1024        | 32         |            |             |               |
------------+------------+------------+-------------+---------------+-----------
2048        | 1          | 5.443775   | 5.365409    | 0.063018      | 98.56
2048        | 2          |            |             |               |
2048        | 4          | 3.752902   | 3.671470    | 0.096487      | 97.83
2048        | 8          |            |             |               |
2048        | 16         | 3.920091   | 3.369732    | 1.675799      | 85.96
2048        | 32         |            |             |               |
------------+------------+------------+-------------+---------------+-----------
4096        | 1          | 44.359811  |   44.049223   | 0.251082    | 99.30
4096        | 2          |            |             |               |
4096        | 4          | 29.966097  |   29.700045   | 0.342019    | 99.11
4096        | 8          |            |             |               |
4096        | 16         | 21.534275  | 18.592921   | 7.799697      | 86.34
4096        | 32         |            |             |               |
------------+------------+------------+-------------+---------------+-----------
=======================================================================