=======================================================================
                    Multiplication Results - Matrix Multiplication Cannon - Cluster 8 nodes x 8 nodes
                          by Tara Mazaya Lababan - 2406514564
=======================================================================
Matrix Size | Processors | Total Time | Computation | Communication | Parallel
            |            | (s)        | Time (s)    | Time (s)      | Eff. (%)
------------+------------+------------+-------------+---------------+-----------
256         | 1          | 0.016308   | 0.013592    | 0.002712      | 83.35
256         | 2          |            |             |               |
256         | 4          | 0.006606   | 0.004342    | 0.002303      | 65.74
256         | 8          |            |             |               |
256         | 16         | 0.020037   | 0.004066    | 0.019147      | 20.29
256         | 32         |            |             |               |
------------+------------+------------+-------------+---------------+-----------
512         | 1          | 0.064482   | 0.057504    | 0.006970      | 89.18
512         | 2          |            |             |               |
512         | 4          | 0.033996   | 0.028477    | 0.018534      | 83.76
512         | 8          |            |             |               |
512         | 16         | 0.075046   | 0.019134    | 0.068286      | 25.50
512         | 32         |            |             |               |
------------+------------+------------+-------------+---------------+-----------
1024        | 1          | 0.676733   | 0.646328    | 0.030397      | 95.51
1024        | 2          |            |             |               |
1024        | 4          | 0.263465   | 0.240715    | 0.030493      | 91.36
1024        | 8          |            |             |               |
1024        | 16         | 0.309016   | 0.153351    | 0.252526      | 49.63
1024        | 32         |            |             |               |
------------+------------+------------+-------------+---------------+-----------
2048        | 1          | 5.623981   | 5.489964    | 0.134009      | 97.62
2048        | 2          |            |             |               |
2048        | 4          | 3.772213   | 3.672487    | 0.104497      | 97.36
2048        | 8          |            |             |               |
2048        | 16         | 3.766049   | 3.041047    | 2.307766      | 80.75
2048        | 32         |            |             |               |
------------+------------+------------+-------------+---------------+-----------
4096        | 1          | 53.239087  | 52.227148   | 0.993077      | 98.10
4096        | 2          |            |             |               |
4096        | 4          | 29.710954  | 29.308113   | 0.477893      | 98.64
4096        | 8          |            |             |               |
4096        | 16         | 31.240617  | 27.880341   | 10.734087     | 89.24
4096        | 32         |            |             |               |
------------+------------+------------+-------------+---------------+-----------
=======================================================================
