=======================================================================
                    Multiplication Results - Matrix Vector Multiplication - Cluster 8 nodes x 8 nodes
                          by Tara Mazaya Lababan - 2406514564
=======================================================================
Matrix Size | Processors | Total Time | Computation | Communication | Parallel
            |            | (s)        | Time (s)    | Time (s)      | Eff. (%)
------------+------------+------------+-------------+---------------+-----------
256         | 1          | 0.000450   | 0.000439    | 0.000000      | 97.37
256         | 2          | 0.000488   | 0.000208    | 0.000748      | 42.57
256         | 4          | 0.000395   | 0.000124    | 0.000707      | 31.35
256         | 8          | 0.004136   | 0.000054    | 0.008139      | 1.31
256         | 16         | 0.005777   | 0.000078    | 0.012961      | 1.36
256         | 32         | 0.013666   | 0.000044    | 0.033935      | 0.32
------------+------------+------------+-------------+---------------+-----------
512         | 1          | 0.000965   | 0.000954    | 0.000000      | 98.79
512         | 2          | 0.001669   | 0.000771    | 0.002550      | 46.20
512         | 4          | 0.001089   | 0.000285    | 0.001877      | 26.15
512         | 8          | 0.001497   | 0.000205    | 0.002697      | 13.68
512         | 16         | 0.012894   | 0.000266    | 0.031027      | 2.06
512         | 32         | 0.021700   | 0.000093    | 0.049715      | 0.43
------------+------------+------------+-------------+---------------+-----------
1024        | 1          | 0.003108   | 0.003101    | 0.000000      | 99.79
1024        | 2          | 0.006559   | 0.003249    | 0.009836      | 49.54
1024        | 4          | 0.004652   | 0.001145    | 0.008184      | 24.61
1024        | 8          | 0.005542   | 0.000802    | 0.010108      | 14.48
1024        | 16         | 0.042765   | 0.003618    | 0.085051      | 8.46
1024        | 32         | 0.060626   | 0.001885    | 0.120593      | 3.11
------------+------------+------------+-------------+---------------+-----------
2048        | 1          | 0.013172   | 0.013164    | 0.000000      | 99.94
2048        | 2          | 0.026552   | 0.012851    | 0.040230      | 48.40
2048        | 4          | 0.018394   | 0.004528    | 0.032244      | 24.62
2048        | 8          | 0.022017   | 0.003354    | 0.040670      | 15.23
2048        | 16         | 0.166938   | 0.009391    | 0.332126      | 5.63
2048        | 32         | 0.231383   | 0.004910    | 0.461630      | 2.12
------------+------------+------------+-------------+---------------+-----------
4096        | 1          | 0.049303   | 0.049284    | 0.000000      | 99.96
4096        | 2          | 0.104023   | 0.050958    | 0.157054      | 48.99
4096        | 4          | 0.071824   | 0.018127    | 0.125674      | 25.24
4096        | 8          | 0.569030   | 0.029379    | 1.102368      | 5.16
4096        | 16         | 0.685053   | 0.037772    | 1.360180      | 5.51
4096        | 32         | 0.921504   | 0.018185    | 1.839336      | 1.97
------------+------------+------------+-------------+---------------+-----------
=======================================================================
