=======================================================================
                    Multiplication Results - Matrix Multiplication Naive - Cluster 8 nodes x 8 nodes
                          by Tara Mazaya Lababan - 2406514564
=======================================================================
Matrix Size | Processors | Total Time | Computation | Communication | Parallel
            |            | (s)        | Time (s)    | Time (s)      | Eff. (%)
------------+------------+------------+-------------+---------------+-----------
256         | 1          | 0.070064   | 0.069873    | 0.000000      | 99.73
256         | 2          | 0.066906   | 0.065928    | 0.067380      | 98.54
256         | 4          | 0.040298   | 0.039299    | 0.057361      | 97.52
256         | 8          | 0.020289   | 0.017827    | 0.022047      | 87.87
256         | 16         | 0.055664   | 0.035226    | 0.101036      | 63.28
256         | 32         | 0.118805   | 0.023285    | 0.240188      | 19.60
------------+------------+------------+-------------+---------------+-----------
512         | 1          | 0.523312   | 0.522429    | 0.000000      | 99.83
512         | 2          | 0.525484   | 0.521877    | 0.526494      | 99.31
512         | 4          | 0.196862   | 0.193644    | 0.207392      | 98.37
512         | 8          | 0.157605   | 0.147297    | 0.162910      | 93.46
512         | 16         | 0.239069   | 0.175926    | 0.407754      | 73.59
512         | 32         | 0.487918   | 0.113859    | 0.939684      | 23.34
------------+------------+------------+-------------+---------------+-----------
1024        | 1          | 4.257677   | 4.252880    | 0.000000      | 99.89
1024        | 2          | 4.366426   | 4.350653    | 4.370636      | 99.64
1024        | 4          | 1.578834   | 1.556788    | 1.588787      | 98.60
1024        | 8          | 1.258000   | 1.221513    | 1.321558      | 97.10
1024        | 16         | 1.269786   | 0.921010    | 1.944083      | 72.53
1024        | 32         | 2.103592   | 0.639549    | 3.911344      | 30.40
------------+------------+------------+-------------+---------------+-----------
2048        | 1          | 34.538866  | 34.505806   | 0.000000      | 99.90
2048        | 2          | 34.900982  | 34.820691   | 34.911174     | 99.77
2048        | 4          | 12.503925  | 12.407305   | 12.525800     | 99.23
2048        | 8          | 9.560347   | 9.384285    | 9.780634      | 98.16
2048        | 16         | 7.257533   | 4.799470    | 9.849124      | 66.13
2048        | 32         | 9.764580   | 4.574562    | 17.082591     | 46.85
------------+------------+------------+-------------+---------------+-----------
4096        | 1          | 282.716206 | 282.399521  | 0.000000      | 99.89
4096        | 2          | 275.212914 | 274.825960  | 275.166301    | 99.86
4096        | 4          | 97.488474  | 97.028194   | 97.503333     | 99.53
4096        | 8          | 77.610624  | 76.384251   | 79.975304     | 98.42
4096        | 16         | 47.614324  | 42.046522   | 57.634895     | 88.31
4096        | 32         | 47.233430  | 35.452401   | 75.877755     | 75.06
------------+------------+------------+-------------+---------------+-----------
=======================================================================
