########################################################
N = 256
########################################################

[SEQ] CPU sequential, N=256
Sequential CPU matmul, N = 256
CPU compute time: 42.245 ms

Result C (first 10x10):
512.0 512.0 512.0 512.0 512.0 512.0 512.0 512.0 512.0 512.0
512.0 512.0 512.0 512.0 512.0 512.0 512.0 512.0 512.0 512.0
512.0 512.0 512.0 512.0 512.0 512.0 512.0 512.0 512.0 512.0
512.0 512.0 512.0 512.0 512.0 512.0 512.0 512.0 512.0 512.0
512.0 512.0 512.0 512.0 512.0 512.0 512.0 512.0 512.0 512.0
512.0 512.0 512.0 512.0 512.0 512.0 512.0 512.0 512.0 512.0
512.0 512.0 512.0 512.0 512.0 512.0 512.0 512.0 512.0 512.0
512.0 512.0 512.0 512.0 512.0 512.0 512.0 512.0 512.0 512.0
512.0 512.0 512.0 512.0 512.0 512.0 512.0 512.0 512.0 512.0
512.0 512.0 512.0 512.0 512.0 512.0 512.0 512.0 512.0 512.0

[CUDA-NOPT] N=256, blockSize=8
CUDA matmul (no shared memory), N = 256, blockSize = 8
Nama: Tara Mazaya Lababan
NPM: 2406514564
Matrix Size (N) = 256
        Total Execution Time = 10.505 ms
        Computation Time = 0.100 ms
        Communication Time = 10.405 ms

Result matrix (first 10x10):
512.0 512.0 512.0 512.0 512.0 512.0 512.0 512.0 512.0 512.0
512.0 512.0 512.0 512.0 512.0 512.0 512.0 512.0 512.0 512.0
512.0 512.0 512.0 512.0 512.0 512.0 512.0 512.0 512.0 512.0
512.0 512.0 512.0 512.0 512.0 512.0 512.0 512.0 512.0 512.0
512.0 512.0 512.0 512.0 512.0 512.0 512.0 512.0 512.0 512.0
512.0 512.0 512.0 512.0 512.0 512.0 512.0 512.0 512.0 512.0
512.0 512.0 512.0 512.0 512.0 512.0 512.0 512.0 512.0 512.0
512.0 512.0 512.0 512.0 512.0 512.0 512.0 512.0 512.0 512.0
512.0 512.0 512.0 512.0 512.0 512.0 512.0 512.0 512.0 512.0
512.0 512.0 512.0 512.0 512.0 512.0 512.0 512.0 512.0 512.0

Max abs error vs CPU = 0.000000e+00

[CUDA-NOPT] N=256, blockSize=16
CUDA matmul (no shared memory), N = 256, blockSize = 16
Nama: Tara Mazaya Lababan
NPM: 2406514564
Matrix Size (N) = 256
        Total Execution Time = 0.526 ms
        Computation Time = 0.084 ms
        Communication Time = 0.442 ms

Result matrix (first 10x10):
512.0 512.0 512.0 512.0 512.0 512.0 512.0 512.0 512.0 512.0
512.0 512.0 512.0 512.0 512.0 512.0 512.0 512.0 512.0 512.0
512.0 512.0 512.0 512.0 512.0 512.0 512.0 512.0 512.0 512.0
512.0 512.0 512.0 512.0 512.0 512.0 512.0 512.0 512.0 512.0
512.0 512.0 512.0 512.0 512.0 512.0 512.0 512.0 512.0 512.0
512.0 512.0 512.0 512.0 512.0 512.0 512.0 512.0 512.0 512.0
512.0 512.0 512.0 512.0 512.0 512.0 512.0 512.0 512.0 512.0
512.0 512.0 512.0 512.0 512.0 512.0 512.0 512.0 512.0 512.0
512.0 512.0 512.0 512.0 512.0 512.0 512.0 512.0 512.0 512.0
512.0 512.0 512.0 512.0 512.0 512.0 512.0 512.0 512.0 512.0

Max abs error vs CPU = 0.000000e+00

[CUDA-NOPT] N=256, blockSize=32
CUDA matmul (no shared memory), N = 256, blockSize = 32
Nama: Tara Mazaya Lababan
NPM: 2406514564
Matrix Size (N) = 256
        Total Execution Time = 0.516 ms
        Computation Time = 0.088 ms
        Communication Time = 0.428 ms

Result matrix (first 10x10):
512.0 512.0 512.0 512.0 512.0 512.0 512.0 512.0 512.0 512.0
512.0 512.0 512.0 512.0 512.0 512.0 512.0 512.0 512.0 512.0
512.0 512.0 512.0 512.0 512.0 512.0 512.0 512.0 512.0 512.0
512.0 512.0 512.0 512.0 512.0 512.0 512.0 512.0 512.0 512.0
512.0 512.0 512.0 512.0 512.0 512.0 512.0 512.0 512.0 512.0
512.0 512.0 512.0 512.0 512.0 512.0 512.0 512.0 512.0 512.0
512.0 512.0 512.0 512.0 512.0 512.0 512.0 512.0 512.0 512.0
512.0 512.0 512.0 512.0 512.0 512.0 512.0 512.0 512.0 512.0
512.0 512.0 512.0 512.0 512.0 512.0 512.0 512.0 512.0 512.0
512.0 512.0 512.0 512.0 512.0 512.0 512.0 512.0 512.0 512.0

Max abs error vs CPU = 0.000000e+00

[CUDA-OPT-SHARED] N=256, TILE_SIZE=8
CUDA matmul (shared memory), N = 256, TILE_SIZE = 8
Nama: Tara Mazaya Lababan
NPM: 2406514564
Matrix Size (N) = 256
        Total Execution Time = 1.297 ms
        Computation Time = 0.096 ms
        Communication Time = 1.201 ms

Result matrix (first 10x10):
512.0 512.0 512.0 512.0 512.0 512.0 512.0 512.0 512.0 512.0
512.0 512.0 512.0 512.0 512.0 512.0 512.0 512.0 512.0 512.0
512.0 512.0 512.0 512.0 512.0 512.0 512.0 512.0 512.0 512.0
512.0 512.0 512.0 512.0 512.0 512.0 512.0 512.0 512.0 512.0
512.0 512.0 512.0 512.0 512.0 512.0 512.0 512.0 512.0 512.0
512.0 512.0 512.0 512.0 512.0 512.0 512.0 512.0 512.0 512.0
512.0 512.0 512.0 512.0 512.0 512.0 512.0 512.0 512.0 512.0
512.0 512.0 512.0 512.0 512.0 512.0 512.0 512.0 512.0 512.0
512.0 512.0 512.0 512.0 512.0 512.0 512.0 512.0 512.0 512.0
512.0 512.0 512.0 512.0 512.0 512.0 512.0 512.0 512.0 512.0

Max abs error vs CPU = 0.000000e+00

[CUDA-OPT-SHARED] N=256, TILE_SIZE=16
CUDA matmul (shared memory), N = 256, TILE_SIZE = 16
Nama: Tara Mazaya Lababan
NPM: 2406514564
Matrix Size (N) = 256
        Total Execution Time = 1.107 ms
        Computation Time = 0.086 ms
        Communication Time = 1.021 ms

Result matrix (first 10x10):
512.0 512.0 512.0 512.0 512.0 512.0 512.0 512.0 512.0 512.0
512.0 512.0 512.0 512.0 512.0 512.0 512.0 512.0 512.0 512.0
512.0 512.0 512.0 512.0 512.0 512.0 512.0 512.0 512.0 512.0
512.0 512.0 512.0 512.0 512.0 512.0 512.0 512.0 512.0 512.0
512.0 512.0 512.0 512.0 512.0 512.0 512.0 512.0 512.0 512.0
512.0 512.0 512.0 512.0 512.0 512.0 512.0 512.0 512.0 512.0
512.0 512.0 512.0 512.0 512.0 512.0 512.0 512.0 512.0 512.0
512.0 512.0 512.0 512.0 512.0 512.0 512.0 512.0 512.0 512.0
512.0 512.0 512.0 512.0 512.0 512.0 512.0 512.0 512.0 512.0
512.0 512.0 512.0 512.0 512.0 512.0 512.0 512.0 512.0 512.0

Max abs error vs CPU = 0.000000e+00

[CUDA-OPT-SHARED] N=256, TILE_SIZE=32
CUDA matmul (shared memory), N = 256, TILE_SIZE = 32
Nama: Tara Mazaya Lababan
NPM: 2406514564
Matrix Size (N) = 256
        Total Execution Time = 1.254 ms
        Computation Time = 0.086 ms
        Communication Time = 1.168 ms

Result matrix (first 10x10):
512.0 512.0 512.0 512.0 512.0 512.0 512.0 512.0 512.0 512.0
512.0 512.0 512.0 512.0 512.0 512.0 512.0 512.0 512.0 512.0
512.0 512.0 512.0 512.0 512.0 512.0 512.0 512.0 512.0 512.0
512.0 512.0 512.0 512.0 512.0 512.0 512.0 512.0 512.0 512.0
512.0 512.0 512.0 512.0 512.0 512.0 512.0 512.0 512.0 512.0
512.0 512.0 512.0 512.0 512.0 512.0 512.0 512.0 512.0 512.0
512.0 512.0 512.0 512.0 512.0 512.0 512.0 512.0 512.0 512.0
512.0 512.0 512.0 512.0 512.0 512.0 512.0 512.0 512.0 512.0
512.0 512.0 512.0 512.0 512.0 512.0 512.0 512.0 512.0 512.0
512.0 512.0 512.0 512.0 512.0 512.0 512.0 512.0 512.0 512.0

Max abs error vs CPU = 0.000000e+00

[CUBLAS] N=256
cuBLAS matmul, N = 256
Nama: Tara Mazaya Lababan
NPM: 2406514564
Matrix Size (N) = 256
        Total Execution Time = 23.184 ms
        Computation Time = 21.900 ms
        Communication Time = 1.284 ms

Result matrix (first 10x10):
512.0 512.0 512.0 512.0 512.0 512.0 512.0 512.0 512.0 512.0
512.0 512.0 512.0 512.0 512.0 512.0 512.0 512.0 512.0 512.0
512.0 512.0 512.0 512.0 512.0 512.0 512.0 512.0 512.0 512.0
512.0 512.0 512.0 512.0 512.0 512.0 512.0 512.0 512.0 512.0
512.0 512.0 512.0 512.0 512.0 512.0 512.0 512.0 512.0 512.0
512.0 512.0 512.0 512.0 512.0 512.0 512.0 512.0 512.0 512.0
512.0 512.0 512.0 512.0 512.0 512.0 512.0 512.0 512.0 512.0
512.0 512.0 512.0 512.0 512.0 512.0 512.0 512.0 512.0 512.0
512.0 512.0 512.0 512.0 512.0 512.0 512.0 512.0 512.0 512.0
512.0 512.0 512.0 512.0 512.0 512.0 512.0 512.0 512.0 512.0

Max abs error vs CPU = 0.000000e+00

[MPI] N=256, np=1
Nama: Tara Mazaya Lababan
NPM: 2406514564
Matrix Size (N) = 256
        Total Execution Time = 25.479 ms
        Computation Time = 25.160 ms
        Communication Time = 0.318 ms

Result matrix (first 10x10):
512.00 512.00 512.00 512.00 512.00 512.00 512.00 512.00 512.00 512.00
512.00 512.00 512.00 512.00 512.00 512.00 512.00 512.00 512.00 512.00
512.00 512.00 512.00 512.00 512.00 512.00 512.00 512.00 512.00 512.00
512.00 512.00 512.00 512.00 512.00 512.00 512.00 512.00 512.00 512.00
512.00 512.00 512.00 512.00 512.00 512.00 512.00 512.00 512.00 512.00
512.00 512.00 512.00 512.00 512.00 512.00 512.00 512.00 512.00 512.00
512.00 512.00 512.00 512.00 512.00 512.00 512.00 512.00 512.00 512.00
512.00 512.00 512.00 512.00 512.00 512.00 512.00 512.00 512.00 512.00
512.00 512.00 512.00 512.00 512.00 512.00 512.00 512.00 512.00 512.00
512.00 512.00 512.00 512.00 512.00 512.00 512.00 512.00 512.00 512.00

Max error vs CPU = 0.000000e+00

[MPI] N=256, np=2
Nama: Tara Mazaya Lababan
NPM: 2406514564
Matrix Size (N) = 256
        Total Execution Time = 14.051 ms
        Computation Time = 12.187 ms
        Communication Time = 1.864 ms

Result matrix (first 10x10):
512.00 512.00 512.00 512.00 512.00 512.00 512.00 512.00 512.00 512.00
512.00 512.00 512.00 512.00 512.00 512.00 512.00 512.00 512.00 512.00
512.00 512.00 512.00 512.00 512.00 512.00 512.00 512.00 512.00 512.00
512.00 512.00 512.00 512.00 512.00 512.00 512.00 512.00 512.00 512.00
512.00 512.00 512.00 512.00 512.00 512.00 512.00 512.00 512.00 512.00
512.00 512.00 512.00 512.00 512.00 512.00 512.00 512.00 512.00 512.00
512.00 512.00 512.00 512.00 512.00 512.00 512.00 512.00 512.00 512.00
512.00 512.00 512.00 512.00 512.00 512.00 512.00 512.00 512.00 512.00
512.00 512.00 512.00 512.00 512.00 512.00 512.00 512.00 512.00 512.00
512.00 512.00 512.00 512.00 512.00 512.00 512.00 512.00 512.00 512.00

Max error vs CPU = 0.000000e+00

[MPI] N=256, np=4
Nama: Tara Mazaya Lababan
NPM: 2406514564
Matrix Size (N) = 256
        Total Execution Time = 17.402 ms
        Computation Time = 6.724 ms
        Communication Time = 10.678 ms

Result matrix (first 10x10):
512.00 512.00 512.00 512.00 512.00 512.00 512.00 512.00 512.00 512.00
512.00 512.00 512.00 512.00 512.00 512.00 512.00 512.00 512.00 512.00
512.00 512.00 512.00 512.00 512.00 512.00 512.00 512.00 512.00 512.00
512.00 512.00 512.00 512.00 512.00 512.00 512.00 512.00 512.00 512.00
512.00 512.00 512.00 512.00 512.00 512.00 512.00 512.00 512.00 512.00
512.00 512.00 512.00 512.00 512.00 512.00 512.00 512.00 512.00 512.00
512.00 512.00 512.00 512.00 512.00 512.00 512.00 512.00 512.00 512.00
512.00 512.00 512.00 512.00 512.00 512.00 512.00 512.00 512.00 512.00
512.00 512.00 512.00 512.00 512.00 512.00 512.00 512.00 512.00 512.00
512.00 512.00 512.00 512.00 512.00 512.00 512.00 512.00 512.00 512.00

Max error vs CPU = 0.000000e+00

[MPI] N=256, np=8
Nama: Tara Mazaya Lababan
NPM: 2406514564
Matrix Size (N) = 256
        Total Execution Time = 8.062 ms
        Computation Time = 3.355 ms
        Communication Time = 4.707 ms

Result matrix (first 10x10):
512.00 512.00 512.00 512.00 512.00 512.00 512.00 512.00 512.00 512.00
512.00 512.00 512.00 512.00 512.00 512.00 512.00 512.00 512.00 512.00
512.00 512.00 512.00 512.00 512.00 512.00 512.00 512.00 512.00 512.00
512.00 512.00 512.00 512.00 512.00 512.00 512.00 512.00 512.00 512.00
512.00 512.00 512.00 512.00 512.00 512.00 512.00 512.00 512.00 512.00
512.00 512.00 512.00 512.00 512.00 512.00 512.00 512.00 512.00 512.00
512.00 512.00 512.00 512.00 512.00 512.00 512.00 512.00 512.00 512.00
512.00 512.00 512.00 512.00 512.00 512.00 512.00 512.00 512.00 512.00
512.00 512.00 512.00 512.00 512.00 512.00 512.00 512.00 512.00 512.00
512.00 512.00 512.00 512.00 512.00 512.00 512.00 512.00 512.00 512.00

Max error vs CPU = 0.000000e+00

########################################################
N = 512
########################################################

[SEQ] CPU sequential, N=512
Sequential CPU matmul, N = 512
CPU compute time: 699.551 ms

Result C (first 10x10):
1024.0 1024.0 1024.0 1024.0 1024.0 1024.0 1024.0 1024.0 1024.0 1024.0
1024.0 1024.0 1024.0 1024.0 1024.0 1024.0 1024.0 1024.0 1024.0 1024.0
1024.0 1024.0 1024.0 1024.0 1024.0 1024.0 1024.0 1024.0 1024.0 1024.0
1024.0 1024.0 1024.0 1024.0 1024.0 1024.0 1024.0 1024.0 1024.0 1024.0
1024.0 1024.0 1024.0 1024.0 1024.0 1024.0 1024.0 1024.0 1024.0 1024.0
1024.0 1024.0 1024.0 1024.0 1024.0 1024.0 1024.0 1024.0 1024.0 1024.0
1024.0 1024.0 1024.0 1024.0 1024.0 1024.0 1024.0 1024.0 1024.0 1024.0
1024.0 1024.0 1024.0 1024.0 1024.0 1024.0 1024.0 1024.0 1024.0 1024.0
1024.0 1024.0 1024.0 1024.0 1024.0 1024.0 1024.0 1024.0 1024.0 1024.0
1024.0 1024.0 1024.0 1024.0 1024.0 1024.0 1024.0 1024.0 1024.0 1024.0

[CUDA-NOPT] N=512, blockSize=8
CUDA matmul (no shared memory), N = 512, blockSize = 8
Nama: Tara Mazaya Lababan
NPM: 2406514564
Matrix Size (N) = 512
        Total Execution Time = 2.015 ms
        Computation Time = 0.613 ms
        Communication Time = 1.402 ms

Result matrix (first 10x10):
1024.0 1024.0 1024.0 1024.0 1024.0 1024.0 1024.0 1024.0 1024.0 1024.0
1024.0 1024.0 1024.0 1024.0 1024.0 1024.0 1024.0 1024.0 1024.0 1024.0
1024.0 1024.0 1024.0 1024.0 1024.0 1024.0 1024.0 1024.0 1024.0 1024.0
1024.0 1024.0 1024.0 1024.0 1024.0 1024.0 1024.0 1024.0 1024.0 1024.0
1024.0 1024.0 1024.0 1024.0 1024.0 1024.0 1024.0 1024.0 1024.0 1024.0
1024.0 1024.0 1024.0 1024.0 1024.0 1024.0 1024.0 1024.0 1024.0 1024.0
1024.0 1024.0 1024.0 1024.0 1024.0 1024.0 1024.0 1024.0 1024.0 1024.0
1024.0 1024.0 1024.0 1024.0 1024.0 1024.0 1024.0 1024.0 1024.0 1024.0
1024.0 1024.0 1024.0 1024.0 1024.0 1024.0 1024.0 1024.0 1024.0 1024.0
1024.0 1024.0 1024.0 1024.0 1024.0 1024.0 1024.0 1024.0 1024.0 1024.0

Max abs error vs CPU = 0.000000e+00

[CUDA-NOPT] N=512, blockSize=16
CUDA matmul (no shared memory), N = 512, blockSize = 16
Nama: Tara Mazaya Lababan
NPM: 2406514564
Matrix Size (N) = 512
        Total Execution Time = 2.082 ms
        Computation Time = 0.627 ms
        Communication Time = 1.455 ms

Result matrix (first 10x10):
1024.0 1024.0 1024.0 1024.0 1024.0 1024.0 1024.0 1024.0 1024.0 1024.0
1024.0 1024.0 1024.0 1024.0 1024.0 1024.0 1024.0 1024.0 1024.0 1024.0
1024.0 1024.0 1024.0 1024.0 1024.0 1024.0 1024.0 1024.0 1024.0 1024.0
1024.0 1024.0 1024.0 1024.0 1024.0 1024.0 1024.0 1024.0 1024.0 1024.0
1024.0 1024.0 1024.0 1024.0 1024.0 1024.0 1024.0 1024.0 1024.0 1024.0
1024.0 1024.0 1024.0 1024.0 1024.0 1024.0 1024.0 1024.0 1024.0 1024.0
1024.0 1024.0 1024.0 1024.0 1024.0 1024.0 1024.0 1024.0 1024.0 1024.0
1024.0 1024.0 1024.0 1024.0 1024.0 1024.0 1024.0 1024.0 1024.0 1024.0
1024.0 1024.0 1024.0 1024.0 1024.0 1024.0 1024.0 1024.0 1024.0 1024.0
1024.0 1024.0 1024.0 1024.0 1024.0 1024.0 1024.0 1024.0 1024.0 1024.0

Max abs error vs CPU = 0.000000e+00

[CUDA-NOPT] N=512, blockSize=32
CUDA matmul (no shared memory), N = 512, blockSize = 32
Nama: Tara Mazaya Lababan
NPM: 2406514564
Matrix Size (N) = 512
        Total Execution Time = 2.069 ms
        Computation Time = 0.628 ms
        Communication Time = 1.441 ms

Result matrix (first 10x10):
1024.0 1024.0 1024.0 1024.0 1024.0 1024.0 1024.0 1024.0 1024.0 1024.0
1024.0 1024.0 1024.0 1024.0 1024.0 1024.0 1024.0 1024.0 1024.0 1024.0
1024.0 1024.0 1024.0 1024.0 1024.0 1024.0 1024.0 1024.0 1024.0 1024.0
1024.0 1024.0 1024.0 1024.0 1024.0 1024.0 1024.0 1024.0 1024.0 1024.0
1024.0 1024.0 1024.0 1024.0 1024.0 1024.0 1024.0 1024.0 1024.0 1024.0
1024.0 1024.0 1024.0 1024.0 1024.0 1024.0 1024.0 1024.0 1024.0 1024.0
1024.0 1024.0 1024.0 1024.0 1024.0 1024.0 1024.0 1024.0 1024.0 1024.0
1024.0 1024.0 1024.0 1024.0 1024.0 1024.0 1024.0 1024.0 1024.0 1024.0
1024.0 1024.0 1024.0 1024.0 1024.0 1024.0 1024.0 1024.0 1024.0 1024.0
1024.0 1024.0 1024.0 1024.0 1024.0 1024.0 1024.0 1024.0 1024.0 1024.0

Max abs error vs CPU = 0.000000e+00

[CUDA-OPT-SHARED] N=512, TILE_SIZE=8
CUDA matmul (shared memory), N = 512, TILE_SIZE = 8
Nama: Tara Mazaya Lababan
NPM: 2406514564
Matrix Size (N) = 512
        Total Execution Time = 2.094 ms
        Computation Time = 0.618 ms
        Communication Time = 1.476 ms

Result matrix (first 10x10):
1024.0 1024.0 1024.0 1024.0 1024.0 1024.0 1024.0 1024.0 1024.0 1024.0
1024.0 1024.0 1024.0 1024.0 1024.0 1024.0 1024.0 1024.0 1024.0 1024.0
1024.0 1024.0 1024.0 1024.0 1024.0 1024.0 1024.0 1024.0 1024.0 1024.0
1024.0 1024.0 1024.0 1024.0 1024.0 1024.0 1024.0 1024.0 1024.0 1024.0
1024.0 1024.0 1024.0 1024.0 1024.0 1024.0 1024.0 1024.0 1024.0 1024.0
1024.0 1024.0 1024.0 1024.0 1024.0 1024.0 1024.0 1024.0 1024.0 1024.0
1024.0 1024.0 1024.0 1024.0 1024.0 1024.0 1024.0 1024.0 1024.0 1024.0
1024.0 1024.0 1024.0 1024.0 1024.0 1024.0 1024.0 1024.0 1024.0 1024.0
1024.0 1024.0 1024.0 1024.0 1024.0 1024.0 1024.0 1024.0 1024.0 1024.0
1024.0 1024.0 1024.0 1024.0 1024.0 1024.0 1024.0 1024.0 1024.0 1024.0

Max abs error vs CPU = 0.000000e+00

[CUDA-OPT-SHARED] N=512, TILE_SIZE=16
CUDA matmul (shared memory), N = 512, TILE_SIZE = 16
Nama: Tara Mazaya Lababan
NPM: 2406514564
Matrix Size (N) = 512
        Total Execution Time = 1.997 ms
        Computation Time = 0.642 ms
        Communication Time = 1.355 ms

Result matrix (first 10x10):
1024.0 1024.0 1024.0 1024.0 1024.0 1024.0 1024.0 1024.0 1024.0 1024.0
1024.0 1024.0 1024.0 1024.0 1024.0 1024.0 1024.0 1024.0 1024.0 1024.0
1024.0 1024.0 1024.0 1024.0 1024.0 1024.0 1024.0 1024.0 1024.0 1024.0
1024.0 1024.0 1024.0 1024.0 1024.0 1024.0 1024.0 1024.0 1024.0 1024.0
1024.0 1024.0 1024.0 1024.0 1024.0 1024.0 1024.0 1024.0 1024.0 1024.0
1024.0 1024.0 1024.0 1024.0 1024.0 1024.0 1024.0 1024.0 1024.0 1024.0
1024.0 1024.0 1024.0 1024.0 1024.0 1024.0 1024.0 1024.0 1024.0 1024.0
1024.0 1024.0 1024.0 1024.0 1024.0 1024.0 1024.0 1024.0 1024.0 1024.0
1024.0 1024.0 1024.0 1024.0 1024.0 1024.0 1024.0 1024.0 1024.0 1024.0
1024.0 1024.0 1024.0 1024.0 1024.0 1024.0 1024.0 1024.0 1024.0 1024.0

Max abs error vs CPU = 0.000000e+00

[CUDA-OPT-SHARED] N=512, TILE_SIZE=32
CUDA matmul (shared memory), N = 512, TILE_SIZE = 32
Nama: Tara Mazaya Lababan
NPM: 2406514564
Matrix Size (N) = 512
        Total Execution Time = 2.067 ms
        Computation Time = 0.651 ms
        Communication Time = 1.416 ms

Result matrix (first 10x10):
1024.0 1024.0 1024.0 1024.0 1024.0 1024.0 1024.0 1024.0 1024.0 1024.0
1024.0 1024.0 1024.0 1024.0 1024.0 1024.0 1024.0 1024.0 1024.0 1024.0
1024.0 1024.0 1024.0 1024.0 1024.0 1024.0 1024.0 1024.0 1024.0 1024.0
1024.0 1024.0 1024.0 1024.0 1024.0 1024.0 1024.0 1024.0 1024.0 1024.0
1024.0 1024.0 1024.0 1024.0 1024.0 1024.0 1024.0 1024.0 1024.0 1024.0
1024.0 1024.0 1024.0 1024.0 1024.0 1024.0 1024.0 1024.0 1024.0 1024.0
1024.0 1024.0 1024.0 1024.0 1024.0 1024.0 1024.0 1024.0 1024.0 1024.0
1024.0 1024.0 1024.0 1024.0 1024.0 1024.0 1024.0 1024.0 1024.0 1024.0
1024.0 1024.0 1024.0 1024.0 1024.0 1024.0 1024.0 1024.0 1024.0 1024.0
1024.0 1024.0 1024.0 1024.0 1024.0 1024.0 1024.0 1024.0 1024.0 1024.0

Max abs error vs CPU = 0.000000e+00

[CUBLAS] N=512
cuBLAS matmul, N = 512
Nama: Tara Mazaya Lababan
NPM: 2406514564
Matrix Size (N) = 512
        Total Execution Time = 2.066 ms
        Computation Time = 0.729 ms
        Communication Time = 1.337 ms

Result matrix (first 10x10):
1024.0 1024.0 1024.0 1024.0 1024.0 1024.0 1024.0 1024.0 1024.0 1024.0
1024.0 1024.0 1024.0 1024.0 1024.0 1024.0 1024.0 1024.0 1024.0 1024.0
1024.0 1024.0 1024.0 1024.0 1024.0 1024.0 1024.0 1024.0 1024.0 1024.0
1024.0 1024.0 1024.0 1024.0 1024.0 1024.0 1024.0 1024.0 1024.0 1024.0
1024.0 1024.0 1024.0 1024.0 1024.0 1024.0 1024.0 1024.0 1024.0 1024.0
1024.0 1024.0 1024.0 1024.0 1024.0 1024.0 1024.0 1024.0 1024.0 1024.0
1024.0 1024.0 1024.0 1024.0 1024.0 1024.0 1024.0 1024.0 1024.0 1024.0
1024.0 1024.0 1024.0 1024.0 1024.0 1024.0 1024.0 1024.0 1024.0 1024.0
1024.0 1024.0 1024.0 1024.0 1024.0 1024.0 1024.0 1024.0 1024.0 1024.0
1024.0 1024.0 1024.0 1024.0 1024.0 1024.0 1024.0 1024.0 1024.0 1024.0

Max abs error vs CPU = 0.000000e+00

[MPI] N=512, np=1
Nama: Tara Mazaya Lababan
NPM: 2406514564
Matrix Size (N) = 512
        Total Execution Time = 654.836 ms
        Computation Time = 653.443 ms
        Communication Time = 1.393 ms

Result matrix (first 10x10):
1024.00 1024.00 1024.00 1024.00 1024.00 1024.00 1024.00 1024.00 1024.00 1024.00
1024.00 1024.00 1024.00 1024.00 1024.00 1024.00 1024.00 1024.00 1024.00 1024.00
1024.00 1024.00 1024.00 1024.00 1024.00 1024.00 1024.00 1024.00 1024.00 1024.00
1024.00 1024.00 1024.00 1024.00 1024.00 1024.00 1024.00 1024.00 1024.00 1024.00
1024.00 1024.00 1024.00 1024.00 1024.00 1024.00 1024.00 1024.00 1024.00 1024.00
1024.00 1024.00 1024.00 1024.00 1024.00 1024.00 1024.00 1024.00 1024.00 1024.00
1024.00 1024.00 1024.00 1024.00 1024.00 1024.00 1024.00 1024.00 1024.00 1024.00
1024.00 1024.00 1024.00 1024.00 1024.00 1024.00 1024.00 1024.00 1024.00 1024.00
1024.00 1024.00 1024.00 1024.00 1024.00 1024.00 1024.00 1024.00 1024.00 1024.00
1024.00 1024.00 1024.00 1024.00 1024.00 1024.00 1024.00 1024.00 1024.00 1024.00

Max error vs CPU = 0.000000e+00

[MPI] N=512, np=2
Nama: Tara Mazaya Lababan
NPM: 2406514564
Matrix Size (N) = 512
        Total Execution Time = 334.884 ms
        Computation Time = 330.071 ms
        Communication Time = 4.813 ms

Result matrix (first 10x10):
1024.00 1024.00 1024.00 1024.00 1024.00 1024.00 1024.00 1024.00 1024.00 1024.00
1024.00 1024.00 1024.00 1024.00 1024.00 1024.00 1024.00 1024.00 1024.00 1024.00
1024.00 1024.00 1024.00 1024.00 1024.00 1024.00 1024.00 1024.00 1024.00 1024.00
1024.00 1024.00 1024.00 1024.00 1024.00 1024.00 1024.00 1024.00 1024.00 1024.00
1024.00 1024.00 1024.00 1024.00 1024.00 1024.00 1024.00 1024.00 1024.00 1024.00
1024.00 1024.00 1024.00 1024.00 1024.00 1024.00 1024.00 1024.00 1024.00 1024.00
1024.00 1024.00 1024.00 1024.00 1024.00 1024.00 1024.00 1024.00 1024.00 1024.00
1024.00 1024.00 1024.00 1024.00 1024.00 1024.00 1024.00 1024.00 1024.00 1024.00
1024.00 1024.00 1024.00 1024.00 1024.00 1024.00 1024.00 1024.00 1024.00 1024.00
1024.00 1024.00 1024.00 1024.00 1024.00 1024.00 1024.00 1024.00 1024.00 1024.00

Max error vs CPU = 0.000000e+00

[MPI] N=512, np=4
Nama: Tara Mazaya Lababan
NPM: 2406514564
Matrix Size (N) = 512
        Total Execution Time = 191.372 ms
        Computation Time = 186.865 ms
        Communication Time = 4.507 ms

Result matrix (first 10x10):
1024.00 1024.00 1024.00 1024.00 1024.00 1024.00 1024.00 1024.00 1024.00 1024.00
1024.00 1024.00 1024.00 1024.00 1024.00 1024.00 1024.00 1024.00 1024.00 1024.00
1024.00 1024.00 1024.00 1024.00 1024.00 1024.00 1024.00 1024.00 1024.00 1024.00
1024.00 1024.00 1024.00 1024.00 1024.00 1024.00 1024.00 1024.00 1024.00 1024.00
1024.00 1024.00 1024.00 1024.00 1024.00 1024.00 1024.00 1024.00 1024.00 1024.00
1024.00 1024.00 1024.00 1024.00 1024.00 1024.00 1024.00 1024.00 1024.00 1024.00
1024.00 1024.00 1024.00 1024.00 1024.00 1024.00 1024.00 1024.00 1024.00 1024.00
1024.00 1024.00 1024.00 1024.00 1024.00 1024.00 1024.00 1024.00 1024.00 1024.00
1024.00 1024.00 1024.00 1024.00 1024.00 1024.00 1024.00 1024.00 1024.00 1024.00
1024.00 1024.00 1024.00 1024.00 1024.00 1024.00 1024.00 1024.00 1024.00 1024.00

Max error vs CPU = 0.000000e+00

[MPI] N=512, np=8
Nama: Tara Mazaya Lababan
NPM: 2406514564
Matrix Size (N) = 512
        Total Execution Time = 125.737 ms
        Computation Time = 79.770 ms
        Communication Time = 45.967 ms

Result matrix (first 10x10):
1024.00 1024.00 1024.00 1024.00 1024.00 1024.00 1024.00 1024.00 1024.00 1024.00
1024.00 1024.00 1024.00 1024.00 1024.00 1024.00 1024.00 1024.00 1024.00 1024.00
1024.00 1024.00 1024.00 1024.00 1024.00 1024.00 1024.00 1024.00 1024.00 1024.00
1024.00 1024.00 1024.00 1024.00 1024.00 1024.00 1024.00 1024.00 1024.00 1024.00
1024.00 1024.00 1024.00 1024.00 1024.00 1024.00 1024.00 1024.00 1024.00 1024.00
1024.00 1024.00 1024.00 1024.00 1024.00 1024.00 1024.00 1024.00 1024.00 1024.00
1024.00 1024.00 1024.00 1024.00 1024.00 1024.00 1024.00 1024.00 1024.00 1024.00
1024.00 1024.00 1024.00 1024.00 1024.00 1024.00 1024.00 1024.00 1024.00 1024.00
1024.00 1024.00 1024.00 1024.00 1024.00 1024.00 1024.00 1024.00 1024.00 1024.00
1024.00 1024.00 1024.00 1024.00 1024.00 1024.00 1024.00 1024.00 1024.00 1024.00

Max error vs CPU = 0.000000e+00

########################################################
N = 1024
########################################################

[SEQ] CPU sequential, N=1024
Sequential CPU matmul, N = 1024
CPU compute time: 7214.123 ms

Result C (first 10x10):
2048.0 2048.0 2048.0 2048.0 2048.0 2048.0 2048.0 2048.0 2048.0 2048.0
2048.0 2048.0 2048.0 2048.0 2048.0 2048.0 2048.0 2048.0 2048.0 2048.0
2048.0 2048.0 2048.0 2048.0 2048.0 2048.0 2048.0 2048.0 2048.0 2048.0
2048.0 2048.0 2048.0 2048.0 2048.0 2048.0 2048.0 2048.0 2048.0 2048.0
2048.0 2048.0 2048.0 2048.0 2048.0 2048.0 2048.0 2048.0 2048.0 2048.0
2048.0 2048.0 2048.0 2048.0 2048.0 2048.0 2048.0 2048.0 2048.0 2048.0
2048.0 2048.0 2048.0 2048.0 2048.0 2048.0 2048.0 2048.0 2048.0 2048.0
2048.0 2048.0 2048.0 2048.0 2048.0 2048.0 2048.0 2048.0 2048.0 2048.0
2048.0 2048.0 2048.0 2048.0 2048.0 2048.0 2048.0 2048.0 2048.0 2048.0
2048.0 2048.0 2048.0 2048.0 2048.0 2048.0 2048.0 2048.0 2048.0 2048.0

[CUDA-NOPT] N=1024, blockSize=8
CUDA matmul (no shared memory), N = 1024, blockSize = 8
Nama: Tara Mazaya Lababan
NPM: 2406514564
Matrix Size (N) = 1024
        Total Execution Time = 10.862 ms
        Computation Time = 4.742 ms
        Communication Time = 6.120 ms

Result matrix (first 10x10):
2048.0 2048.0 2048.0 2048.0 2048.0 2048.0 2048.0 2048.0 2048.0 2048.0
2048.0 2048.0 2048.0 2048.0 2048.0 2048.0 2048.0 2048.0 2048.0 2048.0
2048.0 2048.0 2048.0 2048.0 2048.0 2048.0 2048.0 2048.0 2048.0 2048.0
2048.0 2048.0 2048.0 2048.0 2048.0 2048.0 2048.0 2048.0 2048.0 2048.0
2048.0 2048.0 2048.0 2048.0 2048.0 2048.0 2048.0 2048.0 2048.0 2048.0
2048.0 2048.0 2048.0 2048.0 2048.0 2048.0 2048.0 2048.0 2048.0 2048.0
2048.0 2048.0 2048.0 2048.0 2048.0 2048.0 2048.0 2048.0 2048.0 2048.0
2048.0 2048.0 2048.0 2048.0 2048.0 2048.0 2048.0 2048.0 2048.0 2048.0
2048.0 2048.0 2048.0 2048.0 2048.0 2048.0 2048.0 2048.0 2048.0 2048.0
2048.0 2048.0 2048.0 2048.0 2048.0 2048.0 2048.0 2048.0 2048.0 2048.0

Skip CPU verification (N > 512), jalankan seq.cu jika ingin cek.

[CUDA-NOPT] N=1024, blockSize=16
CUDA matmul (no shared memory), N = 1024, blockSize = 16
Nama: Tara Mazaya Lababan
NPM: 2406514564
Matrix Size (N) = 1024
        Total Execution Time = 9.635 ms
        Computation Time = 4.741 ms
        Communication Time = 4.894 ms

Result matrix (first 10x10):
2048.0 2048.0 2048.0 2048.0 2048.0 2048.0 2048.0 2048.0 2048.0 2048.0
2048.0 2048.0 2048.0 2048.0 2048.0 2048.0 2048.0 2048.0 2048.0 2048.0
2048.0 2048.0 2048.0 2048.0 2048.0 2048.0 2048.0 2048.0 2048.0 2048.0
2048.0 2048.0 2048.0 2048.0 2048.0 2048.0 2048.0 2048.0 2048.0 2048.0
2048.0 2048.0 2048.0 2048.0 2048.0 2048.0 2048.0 2048.0 2048.0 2048.0
2048.0 2048.0 2048.0 2048.0 2048.0 2048.0 2048.0 2048.0 2048.0 2048.0
2048.0 2048.0 2048.0 2048.0 2048.0 2048.0 2048.0 2048.0 2048.0 2048.0
2048.0 2048.0 2048.0 2048.0 2048.0 2048.0 2048.0 2048.0 2048.0 2048.0
2048.0 2048.0 2048.0 2048.0 2048.0 2048.0 2048.0 2048.0 2048.0 2048.0
2048.0 2048.0 2048.0 2048.0 2048.0 2048.0 2048.0 2048.0 2048.0 2048.0

Skip CPU verification (N > 512), jalankan seq.cu jika ingin cek.

[CUDA-NOPT] N=1024, blockSize=32
CUDA matmul (no shared memory), N = 1024, blockSize = 32
Nama: Tara Mazaya Lababan
NPM: 2406514564
Matrix Size (N) = 1024
        Total Execution Time = 9.480 ms
        Computation Time = 4.941 ms
        Communication Time = 4.539 ms

Result matrix (first 10x10):
2048.0 2048.0 2048.0 2048.0 2048.0 2048.0 2048.0 2048.0 2048.0 2048.0
2048.0 2048.0 2048.0 2048.0 2048.0 2048.0 2048.0 2048.0 2048.0 2048.0
2048.0 2048.0 2048.0 2048.0 2048.0 2048.0 2048.0 2048.0 2048.0 2048.0
2048.0 2048.0 2048.0 2048.0 2048.0 2048.0 2048.0 2048.0 2048.0 2048.0
2048.0 2048.0 2048.0 2048.0 2048.0 2048.0 2048.0 2048.0 2048.0 2048.0
2048.0 2048.0 2048.0 2048.0 2048.0 2048.0 2048.0 2048.0 2048.0 2048.0
2048.0 2048.0 2048.0 2048.0 2048.0 2048.0 2048.0 2048.0 2048.0 2048.0
2048.0 2048.0 2048.0 2048.0 2048.0 2048.0 2048.0 2048.0 2048.0 2048.0
2048.0 2048.0 2048.0 2048.0 2048.0 2048.0 2048.0 2048.0 2048.0 2048.0
2048.0 2048.0 2048.0 2048.0 2048.0 2048.0 2048.0 2048.0 2048.0 2048.0

Skip CPU verification (N > 512), jalankan seq.cu jika ingin cek.

[CUDA-OPT-SHARED] N=1024, TILE_SIZE=8
CUDA matmul (shared memory), N = 1024, TILE_SIZE = 8
Nama: Tara Mazaya Lababan
NPM: 2406514564
Matrix Size (N) = 1024
        Total Execution Time = 9.547 ms
        Computation Time = 4.789 ms
        Communication Time = 4.758 ms

Result matrix (first 10x10):
2048.0 2048.0 2048.0 2048.0 2048.0 2048.0 2048.0 2048.0 2048.0 2048.0
2048.0 2048.0 2048.0 2048.0 2048.0 2048.0 2048.0 2048.0 2048.0 2048.0
2048.0 2048.0 2048.0 2048.0 2048.0 2048.0 2048.0 2048.0 2048.0 2048.0
2048.0 2048.0 2048.0 2048.0 2048.0 2048.0 2048.0 2048.0 2048.0 2048.0
2048.0 2048.0 2048.0 2048.0 2048.0 2048.0 2048.0 2048.0 2048.0 2048.0
2048.0 2048.0 2048.0 2048.0 2048.0 2048.0 2048.0 2048.0 2048.0 2048.0
2048.0 2048.0 2048.0 2048.0 2048.0 2048.0 2048.0 2048.0 2048.0 2048.0
2048.0 2048.0 2048.0 2048.0 2048.0 2048.0 2048.0 2048.0 2048.0 2048.0
2048.0 2048.0 2048.0 2048.0 2048.0 2048.0 2048.0 2048.0 2048.0 2048.0
2048.0 2048.0 2048.0 2048.0 2048.0 2048.0 2048.0 2048.0 2048.0 2048.0

Skip CPU verification (N > 512), jalankan seq.cu jika ingin cek.

[CUDA-OPT-SHARED] N=1024, TILE_SIZE=16
CUDA matmul (shared memory), N = 1024, TILE_SIZE = 16
Nama: Tara Mazaya Lababan
NPM: 2406514564
Matrix Size (N) = 1024
        Total Execution Time = 9.580 ms
        Computation Time = 4.776 ms
        Communication Time = 4.804 ms

Result matrix (first 10x10):
2048.0 2048.0 2048.0 2048.0 2048.0 2048.0 2048.0 2048.0 2048.0 2048.0
2048.0 2048.0 2048.0 2048.0 2048.0 2048.0 2048.0 2048.0 2048.0 2048.0
2048.0 2048.0 2048.0 2048.0 2048.0 2048.0 2048.0 2048.0 2048.0 2048.0
2048.0 2048.0 2048.0 2048.0 2048.0 2048.0 2048.0 2048.0 2048.0 2048.0
2048.0 2048.0 2048.0 2048.0 2048.0 2048.0 2048.0 2048.0 2048.0 2048.0
2048.0 2048.0 2048.0 2048.0 2048.0 2048.0 2048.0 2048.0 2048.0 2048.0
2048.0 2048.0 2048.0 2048.0 2048.0 2048.0 2048.0 2048.0 2048.0 2048.0
2048.0 2048.0 2048.0 2048.0 2048.0 2048.0 2048.0 2048.0 2048.0 2048.0
2048.0 2048.0 2048.0 2048.0 2048.0 2048.0 2048.0 2048.0 2048.0 2048.0
2048.0 2048.0 2048.0 2048.0 2048.0 2048.0 2048.0 2048.0 2048.0 2048.0

Skip CPU verification (N > 512), jalankan seq.cu jika ingin cek.

[CUDA-OPT-SHARED] N=1024, TILE_SIZE=32
CUDA matmul (shared memory), N = 1024, TILE_SIZE = 32
Nama: Tara Mazaya Lababan
NPM: 2406514564
Matrix Size (N) = 1024
        Total Execution Time = 9.929 ms
        Computation Time = 5.144 ms
        Communication Time = 4.785 ms

Result matrix (first 10x10):
2048.0 2048.0 2048.0 2048.0 2048.0 2048.0 2048.0 2048.0 2048.0 2048.0
2048.0 2048.0 2048.0 2048.0 2048.0 2048.0 2048.0 2048.0 2048.0 2048.0
2048.0 2048.0 2048.0 2048.0 2048.0 2048.0 2048.0 2048.0 2048.0 2048.0
2048.0 2048.0 2048.0 2048.0 2048.0 2048.0 2048.0 2048.0 2048.0 2048.0
2048.0 2048.0 2048.0 2048.0 2048.0 2048.0 2048.0 2048.0 2048.0 2048.0
2048.0 2048.0 2048.0 2048.0 2048.0 2048.0 2048.0 2048.0 2048.0 2048.0
2048.0 2048.0 2048.0 2048.0 2048.0 2048.0 2048.0 2048.0 2048.0 2048.0
2048.0 2048.0 2048.0 2048.0 2048.0 2048.0 2048.0 2048.0 2048.0 2048.0
2048.0 2048.0 2048.0 2048.0 2048.0 2048.0 2048.0 2048.0 2048.0 2048.0
2048.0 2048.0 2048.0 2048.0 2048.0 2048.0 2048.0 2048.0 2048.0 2048.0

Skip CPU verification (N > 512), jalankan seq.cu jika ingin cek.

[CUBLAS] N=1024
cuBLAS matmul, N = 1024
Nama: Tara Mazaya Lababan
NPM: 2406514564
Matrix Size (N) = 1024
        Total Execution Time = 10.440 ms
        Computation Time = 5.682 ms
        Communication Time = 4.758 ms

Result matrix (first 10x10):
2048.0 2048.0 2048.0 2048.0 2048.0 2048.0 2048.0 2048.0 2048.0 2048.0
2048.0 2048.0 2048.0 2048.0 2048.0 2048.0 2048.0 2048.0 2048.0 2048.0
2048.0 2048.0 2048.0 2048.0 2048.0 2048.0 2048.0 2048.0 2048.0 2048.0
2048.0 2048.0 2048.0 2048.0 2048.0 2048.0 2048.0 2048.0 2048.0 2048.0
2048.0 2048.0 2048.0 2048.0 2048.0 2048.0 2048.0 2048.0 2048.0 2048.0
2048.0 2048.0 2048.0 2048.0 2048.0 2048.0 2048.0 2048.0 2048.0 2048.0
2048.0 2048.0 2048.0 2048.0 2048.0 2048.0 2048.0 2048.0 2048.0 2048.0
2048.0 2048.0 2048.0 2048.0 2048.0 2048.0 2048.0 2048.0 2048.0 2048.0
2048.0 2048.0 2048.0 2048.0 2048.0 2048.0 2048.0 2048.0 2048.0 2048.0
2048.0 2048.0 2048.0 2048.0 2048.0 2048.0 2048.0 2048.0 2048.0 2048.0

Skip CPU verification (N > 512), jalankan seq.cu jika ingin cek.

[MPI] N=1024, np=1
Nama: Tara Mazaya Lababan
NPM: 2406514564
Matrix Size (N) = 1024
        Total Execution Time = 6522.144 ms
        Computation Time = 6516.580 ms
        Communication Time = 5.564 ms

Result matrix (first 10x10):
2048.00 2048.00 2048.00 2048.00 2048.00 2048.00 2048.00 2048.00 2048.00 2048.00
2048.00 2048.00 2048.00 2048.00 2048.00 2048.00 2048.00 2048.00 2048.00 2048.00
2048.00 2048.00 2048.00 2048.00 2048.00 2048.00 2048.00 2048.00 2048.00 2048.00
2048.00 2048.00 2048.00 2048.00 2048.00 2048.00 2048.00 2048.00 2048.00 2048.00
2048.00 2048.00 2048.00 2048.00 2048.00 2048.00 2048.00 2048.00 2048.00 2048.00
2048.00 2048.00 2048.00 2048.00 2048.00 2048.00 2048.00 2048.00 2048.00 2048.00
2048.00 2048.00 2048.00 2048.00 2048.00 2048.00 2048.00 2048.00 2048.00 2048.00
2048.00 2048.00 2048.00 2048.00 2048.00 2048.00 2048.00 2048.00 2048.00 2048.00
2048.00 2048.00 2048.00 2048.00 2048.00 2048.00 2048.00 2048.00 2048.00 2048.00
2048.00 2048.00 2048.00 2048.00 2048.00 2048.00 2048.00 2048.00 2048.00 2048.00

Max error vs CPU = 0.000000e+00

[MPI] N=1024, np=2
Nama: Tara Mazaya Lababan
NPM: 2406514564
Matrix Size (N) = 1024
        Total Execution Time = 2837.127 ms
        Computation Time = 2827.044 ms
        Communication Time = 10.082 ms

Result matrix (first 10x10):
2048.00 2048.00 2048.00 2048.00 2048.00 2048.00 2048.00 2048.00 2048.00 2048.00
2048.00 2048.00 2048.00 2048.00 2048.00 2048.00 2048.00 2048.00 2048.00 2048.00
2048.00 2048.00 2048.00 2048.00 2048.00 2048.00 2048.00 2048.00 2048.00 2048.00
2048.00 2048.00 2048.00 2048.00 2048.00 2048.00 2048.00 2048.00 2048.00 2048.00
2048.00 2048.00 2048.00 2048.00 2048.00 2048.00 2048.00 2048.00 2048.00 2048.00
2048.00 2048.00 2048.00 2048.00 2048.00 2048.00 2048.00 2048.00 2048.00 2048.00
2048.00 2048.00 2048.00 2048.00 2048.00 2048.00 2048.00 2048.00 2048.00 2048.00
2048.00 2048.00 2048.00 2048.00 2048.00 2048.00 2048.00 2048.00 2048.00 2048.00
2048.00 2048.00 2048.00 2048.00 2048.00 2048.00 2048.00 2048.00 2048.00 2048.00
2048.00 2048.00 2048.00 2048.00 2048.00 2048.00 2048.00 2048.00 2048.00 2048.00

Max error vs CPU = 0.000000e+00

[MPI] N=1024, np=4
Nama: Tara Mazaya Lababan
NPM: 2406514564
Matrix Size (N) = 1024
        Total Execution Time = 1720.414 ms
        Computation Time = 1334.937 ms
        Communication Time = 385.477 ms

Result matrix (first 10x10):
2048.00 2048.00 2048.00 2048.00 2048.00 2048.00 2048.00 2048.00 2048.00 2048.00
2048.00 2048.00 2048.00 2048.00 2048.00 2048.00 2048.00 2048.00 2048.00 2048.00
2048.00 2048.00 2048.00 2048.00 2048.00 2048.00 2048.00 2048.00 2048.00 2048.00
2048.00 2048.00 2048.00 2048.00 2048.00 2048.00 2048.00 2048.00 2048.00 2048.00
2048.00 2048.00 2048.00 2048.00 2048.00 2048.00 2048.00 2048.00 2048.00 2048.00
2048.00 2048.00 2048.00 2048.00 2048.00 2048.00 2048.00 2048.00 2048.00 2048.00
2048.00 2048.00 2048.00 2048.00 2048.00 2048.00 2048.00 2048.00 2048.00 2048.00
2048.00 2048.00 2048.00 2048.00 2048.00 2048.00 2048.00 2048.00 2048.00 2048.00
2048.00 2048.00 2048.00 2048.00 2048.00 2048.00 2048.00 2048.00 2048.00 2048.00
2048.00 2048.00 2048.00 2048.00 2048.00 2048.00 2048.00 2048.00 2048.00 2048.00

Max error vs CPU = 0.000000e+00

[MPI] N=1024, np=8
Nama: Tara Mazaya Lababan
NPM: 2406514564
Matrix Size (N) = 1024
        Total Execution Time = 1108.212 ms
        Computation Time = 667.982 ms
        Communication Time = 440.230 ms

Result matrix (first 10x10):
2048.00 2048.00 2048.00 2048.00 2048.00 2048.00 2048.00 2048.00 2048.00 2048.00
2048.00 2048.00 2048.00 2048.00 2048.00 2048.00 2048.00 2048.00 2048.00 2048.00
2048.00 2048.00 2048.00 2048.00 2048.00 2048.00 2048.00 2048.00 2048.00 2048.00
2048.00 2048.00 2048.00 2048.00 2048.00 2048.00 2048.00 2048.00 2048.00 2048.00
2048.00 2048.00 2048.00 2048.00 2048.00 2048.00 2048.00 2048.00 2048.00 2048.00
2048.00 2048.00 2048.00 2048.00 2048.00 2048.00 2048.00 2048.00 2048.00 2048.00
2048.00 2048.00 2048.00 2048.00 2048.00 2048.00 2048.00 2048.00 2048.00 2048.00
2048.00 2048.00 2048.00 2048.00 2048.00 2048.00 2048.00 2048.00 2048.00 2048.00
2048.00 2048.00 2048.00 2048.00 2048.00 2048.00 2048.00 2048.00 2048.00 2048.00
2048.00 2048.00 2048.00 2048.00 2048.00 2048.00 2048.00 2048.00 2048.00 2048.00

Max error vs CPU = 0.000000e+00

########################################################
N = 2048
########################################################

[SEQ] CPU sequential, N=2048
Sequential CPU matmul, N = 2048
CPU compute time: 98751.362 ms

Result C (first 10x10):
4096.0 4096.0 4096.0 4096.0 4096.0 4096.0 4096.0 4096.0 4096.0 4096.0
4096.0 4096.0 4096.0 4096.0 4096.0 4096.0 4096.0 4096.0 4096.0 4096.0
4096.0 4096.0 4096.0 4096.0 4096.0 4096.0 4096.0 4096.0 4096.0 4096.0
4096.0 4096.0 4096.0 4096.0 4096.0 4096.0 4096.0 4096.0 4096.0 4096.0
4096.0 4096.0 4096.0 4096.0 4096.0 4096.0 4096.0 4096.0 4096.0 4096.0
4096.0 4096.0 4096.0 4096.0 4096.0 4096.0 4096.0 4096.0 4096.0 4096.0
4096.0 4096.0 4096.0 4096.0 4096.0 4096.0 4096.0 4096.0 4096.0 4096.0
4096.0 4096.0 4096.0 4096.0 4096.0 4096.0 4096.0 4096.0 4096.0 4096.0
4096.0 4096.0 4096.0 4096.0 4096.0 4096.0 4096.0 4096.0 4096.0 4096.0
4096.0 4096.0 4096.0 4096.0 4096.0 4096.0 4096.0 4096.0 4096.0 4096.0

[CUDA-NOPT] N=2048, blockSize=8
CUDA matmul (no shared memory), N = 2048, blockSize = 8
Nama: Tara Mazaya Lababan
NPM: 2406514564
Matrix Size (N) = 2048
        Total Execution Time = 60.629 ms
        Computation Time = 37.860 ms
        Communication Time = 22.769 ms

Result matrix (first 10x10):
4096.0 4096.0 4096.0 4096.0 4096.0 4096.0 4096.0 4096.0 4096.0 4096.0
4096.0 4096.0 4096.0 4096.0 4096.0 4096.0 4096.0 4096.0 4096.0 4096.0
4096.0 4096.0 4096.0 4096.0 4096.0 4096.0 4096.0 4096.0 4096.0 4096.0
4096.0 4096.0 4096.0 4096.0 4096.0 4096.0 4096.0 4096.0 4096.0 4096.0
4096.0 4096.0 4096.0 4096.0 4096.0 4096.0 4096.0 4096.0 4096.0 4096.0
4096.0 4096.0 4096.0 4096.0 4096.0 4096.0 4096.0 4096.0 4096.0 4096.0
4096.0 4096.0 4096.0 4096.0 4096.0 4096.0 4096.0 4096.0 4096.0 4096.0
4096.0 4096.0 4096.0 4096.0 4096.0 4096.0 4096.0 4096.0 4096.0 4096.0
4096.0 4096.0 4096.0 4096.0 4096.0 4096.0 4096.0 4096.0 4096.0 4096.0
4096.0 4096.0 4096.0 4096.0 4096.0 4096.0 4096.0 4096.0 4096.0 4096.0

Skip CPU verification (N > 512), jalankan seq.cu jika ingin cek.

[CUDA-NOPT] N=2048, blockSize=16
CUDA matmul (no shared memory), N = 2048, blockSize = 16
Nama: Tara Mazaya Lababan
NPM: 2406514564
Matrix Size (N) = 2048
        Total Execution Time = 53.849 ms
        Computation Time = 37.522 ms
        Communication Time = 16.327 ms

Result matrix (first 10x10):
4096.0 4096.0 4096.0 4096.0 4096.0 4096.0 4096.0 4096.0 4096.0 4096.0
4096.0 4096.0 4096.0 4096.0 4096.0 4096.0 4096.0 4096.0 4096.0 4096.0
4096.0 4096.0 4096.0 4096.0 4096.0 4096.0 4096.0 4096.0 4096.0 4096.0
4096.0 4096.0 4096.0 4096.0 4096.0 4096.0 4096.0 4096.0 4096.0 4096.0
4096.0 4096.0 4096.0 4096.0 4096.0 4096.0 4096.0 4096.0 4096.0 4096.0
4096.0 4096.0 4096.0 4096.0 4096.0 4096.0 4096.0 4096.0 4096.0 4096.0
4096.0 4096.0 4096.0 4096.0 4096.0 4096.0 4096.0 4096.0 4096.0 4096.0
4096.0 4096.0 4096.0 4096.0 4096.0 4096.0 4096.0 4096.0 4096.0 4096.0
4096.0 4096.0 4096.0 4096.0 4096.0 4096.0 4096.0 4096.0 4096.0 4096.0
4096.0 4096.0 4096.0 4096.0 4096.0 4096.0 4096.0 4096.0 4096.0 4096.0

Skip CPU verification (N > 512), jalankan seq.cu jika ingin cek.

[CUDA-NOPT] N=2048, blockSize=32
CUDA matmul (no shared memory), N = 2048, blockSize = 32
Nama: Tara Mazaya Lababan
NPM: 2406514564
Matrix Size (N) = 2048
        Total Execution Time = 55.839 ms
        Computation Time = 37.618 ms
        Communication Time = 18.221 ms

Result matrix (first 10x10):
4096.0 4096.0 4096.0 4096.0 4096.0 4096.0 4096.0 4096.0 4096.0 4096.0
4096.0 4096.0 4096.0 4096.0 4096.0 4096.0 4096.0 4096.0 4096.0 4096.0
4096.0 4096.0 4096.0 4096.0 4096.0 4096.0 4096.0 4096.0 4096.0 4096.0
4096.0 4096.0 4096.0 4096.0 4096.0 4096.0 4096.0 4096.0 4096.0 4096.0
4096.0 4096.0 4096.0 4096.0 4096.0 4096.0 4096.0 4096.0 4096.0 4096.0
4096.0 4096.0 4096.0 4096.0 4096.0 4096.0 4096.0 4096.0 4096.0 4096.0
4096.0 4096.0 4096.0 4096.0 4096.0 4096.0 4096.0 4096.0 4096.0 4096.0
4096.0 4096.0 4096.0 4096.0 4096.0 4096.0 4096.0 4096.0 4096.0 4096.0
4096.0 4096.0 4096.0 4096.0 4096.0 4096.0 4096.0 4096.0 4096.0 4096.0
4096.0 4096.0 4096.0 4096.0 4096.0 4096.0 4096.0 4096.0 4096.0 4096.0

Skip CPU verification (N > 512), jalankan seq.cu jika ingin cek.

[CUDA-OPT-SHARED] N=2048, TILE_SIZE=8
CUDA matmul (shared memory), N = 2048, TILE_SIZE = 8
Nama: Tara Mazaya Lababan
NPM: 2406514564
Matrix Size (N) = 2048
        Total Execution Time = 56.162 ms
        Computation Time = 38.068 ms
        Communication Time = 18.094 ms

Result matrix (first 10x10):
4096.0 4096.0 4096.0 4096.0 4096.0 4096.0 4096.0 4096.0 4096.0 4096.0
4096.0 4096.0 4096.0 4096.0 4096.0 4096.0 4096.0 4096.0 4096.0 4096.0
4096.0 4096.0 4096.0 4096.0 4096.0 4096.0 4096.0 4096.0 4096.0 4096.0
4096.0 4096.0 4096.0 4096.0 4096.0 4096.0 4096.0 4096.0 4096.0 4096.0
4096.0 4096.0 4096.0 4096.0 4096.0 4096.0 4096.0 4096.0 4096.0 4096.0
4096.0 4096.0 4096.0 4096.0 4096.0 4096.0 4096.0 4096.0 4096.0 4096.0
4096.0 4096.0 4096.0 4096.0 4096.0 4096.0 4096.0 4096.0 4096.0 4096.0
4096.0 4096.0 4096.0 4096.0 4096.0 4096.0 4096.0 4096.0 4096.0 4096.0
4096.0 4096.0 4096.0 4096.0 4096.0 4096.0 4096.0 4096.0 4096.0 4096.0
4096.0 4096.0 4096.0 4096.0 4096.0 4096.0 4096.0 4096.0 4096.0 4096.0

Skip CPU verification (N > 512), jalankan seq.cu jika ingin cek.

[CUDA-OPT-SHARED] N=2048, TILE_SIZE=16
CUDA matmul (shared memory), N = 2048, TILE_SIZE = 16
Nama: Tara Mazaya Lababan
NPM: 2406514564
Matrix Size (N) = 2048
        Total Execution Time = 58.110 ms
        Computation Time = 37.650 ms
        Communication Time = 20.460 ms

Result matrix (first 10x10):
4096.0 4096.0 4096.0 4096.0 4096.0 4096.0 4096.0 4096.0 4096.0 4096.0
4096.0 4096.0 4096.0 4096.0 4096.0 4096.0 4096.0 4096.0 4096.0 4096.0
4096.0 4096.0 4096.0 4096.0 4096.0 4096.0 4096.0 4096.0 4096.0 4096.0
4096.0 4096.0 4096.0 4096.0 4096.0 4096.0 4096.0 4096.0 4096.0 4096.0
4096.0 4096.0 4096.0 4096.0 4096.0 4096.0 4096.0 4096.0 4096.0 4096.0
4096.0 4096.0 4096.0 4096.0 4096.0 4096.0 4096.0 4096.0 4096.0 4096.0
4096.0 4096.0 4096.0 4096.0 4096.0 4096.0 4096.0 4096.0 4096.0 4096.0
4096.0 4096.0 4096.0 4096.0 4096.0 4096.0 4096.0 4096.0 4096.0 4096.0
4096.0 4096.0 4096.0 4096.0 4096.0 4096.0 4096.0 4096.0 4096.0 4096.0
4096.0 4096.0 4096.0 4096.0 4096.0 4096.0 4096.0 4096.0 4096.0 4096.0

Skip CPU verification (N > 512), jalankan seq.cu jika ingin cek.

[CUDA-OPT-SHARED] N=2048, TILE_SIZE=32
CUDA matmul (shared memory), N = 2048, TILE_SIZE = 32
Nama: Tara Mazaya Lababan
NPM: 2406514564
Matrix Size (N) = 2048
        Total Execution Time = 61.576 ms
        Computation Time = 39.139 ms
        Communication Time = 22.437 ms

Result matrix (first 10x10):
4096.0 4096.0 4096.0 4096.0 4096.0 4096.0 4096.0 4096.0 4096.0 4096.0
4096.0 4096.0 4096.0 4096.0 4096.0 4096.0 4096.0 4096.0 4096.0 4096.0
4096.0 4096.0 4096.0 4096.0 4096.0 4096.0 4096.0 4096.0 4096.0 4096.0
4096.0 4096.0 4096.0 4096.0 4096.0 4096.0 4096.0 4096.0 4096.0 4096.0
4096.0 4096.0 4096.0 4096.0 4096.0 4096.0 4096.0 4096.0 4096.0 4096.0
4096.0 4096.0 4096.0 4096.0 4096.0 4096.0 4096.0 4096.0 4096.0 4096.0
4096.0 4096.0 4096.0 4096.0 4096.0 4096.0 4096.0 4096.0 4096.0 4096.0
4096.0 4096.0 4096.0 4096.0 4096.0 4096.0 4096.0 4096.0 4096.0 4096.0
4096.0 4096.0 4096.0 4096.0 4096.0 4096.0 4096.0 4096.0 4096.0 4096.0
4096.0 4096.0 4096.0 4096.0 4096.0 4096.0 4096.0 4096.0 4096.0 4096.0

Skip CPU verification (N > 512), jalankan seq.cu jika ingin cek.

[CUBLAS] N=2048
cuBLAS matmul, N = 2048
Nama: Tara Mazaya Lababan
NPM: 2406514564
Matrix Size (N) = 2048
        Total Execution Time = 63.143 ms
        Computation Time = 45.055 ms
        Communication Time = 18.088 ms

Result matrix (first 10x10):
4096.0 4096.0 4096.0 4096.0 4096.0 4096.0 4096.0 4096.0 4096.0 4096.0
4096.0 4096.0 4096.0 4096.0 4096.0 4096.0 4096.0 4096.0 4096.0 4096.0
4096.0 4096.0 4096.0 4096.0 4096.0 4096.0 4096.0 4096.0 4096.0 4096.0
4096.0 4096.0 4096.0 4096.0 4096.0 4096.0 4096.0 4096.0 4096.0 4096.0
4096.0 4096.0 4096.0 4096.0 4096.0 4096.0 4096.0 4096.0 4096.0 4096.0
4096.0 4096.0 4096.0 4096.0 4096.0 4096.0 4096.0 4096.0 4096.0 4096.0
4096.0 4096.0 4096.0 4096.0 4096.0 4096.0 4096.0 4096.0 4096.0 4096.0
4096.0 4096.0 4096.0 4096.0 4096.0 4096.0 4096.0 4096.0 4096.0 4096.0
4096.0 4096.0 4096.0 4096.0 4096.0 4096.0 4096.0 4096.0 4096.0 4096.0
4096.0 4096.0 4096.0 4096.0 4096.0 4096.0 4096.0 4096.0 4096.0 4096.0

Skip CPU verification (N > 512), jalankan seq.cu jika ingin cek.

[MPI] N=2048, np=1
Nama: Tara Mazaya Lababan
NPM: 2406514564
Matrix Size (N) = 2048
        Total Execution Time = 49566.322 ms
        Computation Time = 49544.245 ms
        Communication Time = 22.077 ms

Result matrix (first 10x10):
4096.00 4096.00 4096.00 4096.00 4096.00 4096.00 4096.00 4096.00 4096.00 4096.00
4096.00 4096.00 4096.00 4096.00 4096.00 4096.00 4096.00 4096.00 4096.00 4096.00
4096.00 4096.00 4096.00 4096.00 4096.00 4096.00 4096.00 4096.00 4096.00 4096.00
4096.00 4096.00 4096.00 4096.00 4096.00 4096.00 4096.00 4096.00 4096.00 4096.00
4096.00 4096.00 4096.00 4096.00 4096.00 4096.00 4096.00 4096.00 4096.00 4096.00
4096.00 4096.00 4096.00 4096.00 4096.00 4096.00 4096.00 4096.00 4096.00 4096.00
4096.00 4096.00 4096.00 4096.00 4096.00 4096.00 4096.00 4096.00 4096.00 4096.00
4096.00 4096.00 4096.00 4096.00 4096.00 4096.00 4096.00 4096.00 4096.00 4096.00
4096.00 4096.00 4096.00 4096.00 4096.00 4096.00 4096.00 4096.00 4096.00 4096.00
4096.00 4096.00 4096.00 4096.00 4096.00 4096.00 4096.00 4096.00 4096.00 4096.00

Max error vs CPU = 0.000000e+00

[MPI] N=2048, np=2
Nama: Tara Mazaya Lababan
NPM: 2406514564
Matrix Size (N) = 2048
        Total Execution Time = 38663.742 ms
        Computation Time = 22522.597 ms
        Communication Time = 16141.145 ms

Result matrix (first 10x10):
4096.00 4096.00 4096.00 4096.00 4096.00 4096.00 4096.00 4096.00 4096.00 4096.00
4096.00 4096.00 4096.00 4096.00 4096.00 4096.00 4096.00 4096.00 4096.00 4096.00
4096.00 4096.00 4096.00 4096.00 4096.00 4096.00 4096.00 4096.00 4096.00 4096.00
4096.00 4096.00 4096.00 4096.00 4096.00 4096.00 4096.00 4096.00 4096.00 4096.00
4096.00 4096.00 4096.00 4096.00 4096.00 4096.00 4096.00 4096.00 4096.00 4096.00
4096.00 4096.00 4096.00 4096.00 4096.00 4096.00 4096.00 4096.00 4096.00 4096.00
4096.00 4096.00 4096.00 4096.00 4096.00 4096.00 4096.00 4096.00 4096.00 4096.00
4096.00 4096.00 4096.00 4096.00 4096.00 4096.00 4096.00 4096.00 4096.00 4096.00
4096.00 4096.00 4096.00 4096.00 4096.00 4096.00 4096.00 4096.00 4096.00 4096.00
4096.00 4096.00 4096.00 4096.00 4096.00 4096.00 4096.00 4096.00 4096.00 4096.00

Max error vs CPU = 0.000000e+00

[MPI] N=2048, np=4
Nama: Tara Mazaya Lababan
NPM: 2406514564
Matrix Size (N) = 2048
        Total Execution Time = 21093.096 ms
        Computation Time = 10498.969 ms
        Communication Time = 10594.128 ms

Result matrix (first 10x10):
4096.00 4096.00 4096.00 4096.00 4096.00 4096.00 4096.00 4096.00 4096.00 4096.00
4096.00 4096.00 4096.00 4096.00 4096.00 4096.00 4096.00 4096.00 4096.00 4096.00
4096.00 4096.00 4096.00 4096.00 4096.00 4096.00 4096.00 4096.00 4096.00 4096.00
4096.00 4096.00 4096.00 4096.00 4096.00 4096.00 4096.00 4096.00 4096.00 4096.00
4096.00 4096.00 4096.00 4096.00 4096.00 4096.00 4096.00 4096.00 4096.00 4096.00
4096.00 4096.00 4096.00 4096.00 4096.00 4096.00 4096.00 4096.00 4096.00 4096.00
4096.00 4096.00 4096.00 4096.00 4096.00 4096.00 4096.00 4096.00 4096.00 4096.00
4096.00 4096.00 4096.00 4096.00 4096.00 4096.00 4096.00 4096.00 4096.00 4096.00
4096.00 4096.00 4096.00 4096.00 4096.00 4096.00 4096.00 4096.00 4096.00 4096.00
4096.00 4096.00 4096.00 4096.00 4096.00 4096.00 4096.00 4096.00 4096.00 4096.00

Max error vs CPU = 0.000000e+00

[MPI] N=2048, np=8
Nama: Tara Mazaya Lababan
NPM: 2406514564
Matrix Size (N) = 2048
        Total Execution Time = 9090.372 ms
        Computation Time = 6771.039 ms
        Communication Time = 2319.333 ms

Result matrix (first 10x10):
4096.00 4096.00 4096.00 4096.00 4096.00 4096.00 4096.00 4096.00 4096.00 4096.00
4096.00 4096.00 4096.00 4096.00 4096.00 4096.00 4096.00 4096.00 4096.00 4096.00
4096.00 4096.00 4096.00 4096.00 4096.00 4096.00 4096.00 4096.00 4096.00 4096.00
4096.00 4096.00 4096.00 4096.00 4096.00 4096.00 4096.00 4096.00 4096.00 4096.00
4096.00 4096.00 4096.00 4096.00 4096.00 4096.00 4096.00 4096.00 4096.00 4096.00
4096.00 4096.00 4096.00 4096.00 4096.00 4096.00 4096.00 4096.00 4096.00 4096.00
4096.00 4096.00 4096.00 4096.00 4096.00 4096.00 4096.00 4096.00 4096.00 4096.00
4096.00 4096.00 4096.00 4096.00 4096.00 4096.00 4096.00 4096.00 4096.00 4096.00
4096.00 4096.00 4096.00 4096.00 4096.00 4096.00 4096.00 4096.00 4096.00 4096.00
4096.00 4096.00 4096.00 4096.00 4096.00 4096.00 4096.00 4096.00 4096.00 4096.00

Max error vs CPU = 0.000000e+00