########################################################
N = 256
########################################################

[SEQ] CPU sequential, N=256
Sequential CPU matmul, N = 256
CPU compute time: 39.043 ms

Result C (first 10x10):
512.0 512.0 512.0 512.0 512.0 512.0 512.0 512.0 512.0 512.0
512.0 512.0 512.0 512.0 512.0 512.0 512.0 512.0 512.0 512.0
512.0 512.0 512.0 512.0 512.0 512.0 512.0 512.0 512.0 512.0
512.0 512.0 512.0 512.0 512.0 512.0 512.0 512.0 512.0 512.0
512.0 512.0 512.0 512.0 512.0 512.0 512.0 512.0 512.0 512.0
512.0 512.0 512.0 512.0 512.0 512.0 512.0 512.0 512.0 512.0
512.0 512.0 512.0 512.0 512.0 512.0 512.0 512.0 512.0 512.0
512.0 512.0 512.0 512.0 512.0 512.0 512.0 512.0 512.0 512.0
512.0 512.0 512.0 512.0 512.0 512.0 512.0 512.0 512.0 512.0
512.0 512.0 512.0 512.0 512.0 512.0 512.0 512.0 512.0 512.0

[CUDA-NOPT] N=256, blockSize=8
CUDA matmul (no shared memory), N = 256, blockSize = 8
Nama: Tara Mazaya Lababan
NPM: 2406514564
Matrix Size (N) = 256
        Total Execution Time = 1.367 ms
        Computation Time = 0.150 ms
        Communication Time = 1.217 ms

Result matrix (first 10x10):
512.0 512.0 512.0 512.0 512.0 512.0 512.0 512.0 512.0 512.0
512.0 512.0 512.0 512.0 512.0 512.0 512.0 512.0 512.0 512.0
512.0 512.0 512.0 512.0 512.0 512.0 512.0 512.0 512.0 512.0
512.0 512.0 512.0 512.0 512.0 512.0 512.0 512.0 512.0 512.0
512.0 512.0 512.0 512.0 512.0 512.0 512.0 512.0 512.0 512.0
512.0 512.0 512.0 512.0 512.0 512.0 512.0 512.0 512.0 512.0
512.0 512.0 512.0 512.0 512.0 512.0 512.0 512.0 512.0 512.0
512.0 512.0 512.0 512.0 512.0 512.0 512.0 512.0 512.0 512.0
512.0 512.0 512.0 512.0 512.0 512.0 512.0 512.0 512.0 512.0
512.0 512.0 512.0 512.0 512.0 512.0 512.0 512.0 512.0 512.0

Max abs error vs CPU = 0.000000e+00

[CUDA-NOPT] N=256, blockSize=16
CUDA matmul (no shared memory), N = 256, blockSize = 16
Nama: Tara Mazaya Lababan
NPM: 2406514564
Matrix Size (N) = 256
        Total Execution Time = 0.661 ms
        Computation Time = 0.200 ms
        Communication Time = 0.461 ms

Result matrix (first 10x10):
512.0 512.0 512.0 512.0 512.0 512.0 512.0 512.0 512.0 512.0
512.0 512.0 512.0 512.0 512.0 512.0 512.0 512.0 512.0 512.0
512.0 512.0 512.0 512.0 512.0 512.0 512.0 512.0 512.0 512.0
512.0 512.0 512.0 512.0 512.0 512.0 512.0 512.0 512.0 512.0
512.0 512.0 512.0 512.0 512.0 512.0 512.0 512.0 512.0 512.0
512.0 512.0 512.0 512.0 512.0 512.0 512.0 512.0 512.0 512.0
512.0 512.0 512.0 512.0 512.0 512.0 512.0 512.0 512.0 512.0
512.0 512.0 512.0 512.0 512.0 512.0 512.0 512.0 512.0 512.0
512.0 512.0 512.0 512.0 512.0 512.0 512.0 512.0 512.0 512.0
512.0 512.0 512.0 512.0 512.0 512.0 512.0 512.0 512.0 512.0

Max abs error vs CPU = 0.000000e+00

[CUDA-NOPT] N=256, blockSize=32
CUDA matmul (no shared memory), N = 256, blockSize = 32
Nama: Tara Mazaya Lababan
NPM: 2406514564
Matrix Size (N) = 256
        Total Execution Time = 0.716 ms
        Computation Time = 0.246 ms
        Communication Time = 0.470 ms

Result matrix (first 10x10):
512.0 512.0 512.0 512.0 512.0 512.0 512.0 512.0 512.0 512.0
512.0 512.0 512.0 512.0 512.0 512.0 512.0 512.0 512.0 512.0
512.0 512.0 512.0 512.0 512.0 512.0 512.0 512.0 512.0 512.0
512.0 512.0 512.0 512.0 512.0 512.0 512.0 512.0 512.0 512.0
512.0 512.0 512.0 512.0 512.0 512.0 512.0 512.0 512.0 512.0
512.0 512.0 512.0 512.0 512.0 512.0 512.0 512.0 512.0 512.0
512.0 512.0 512.0 512.0 512.0 512.0 512.0 512.0 512.0 512.0
512.0 512.0 512.0 512.0 512.0 512.0 512.0 512.0 512.0 512.0
512.0 512.0 512.0 512.0 512.0 512.0 512.0 512.0 512.0 512.0
512.0 512.0 512.0 512.0 512.0 512.0 512.0 512.0 512.0 512.0

Max abs error vs CPU = 0.000000e+00

[CUDA-OPT-SHARED] N=256, TILE_SIZE=8
CUDA matmul (shared memory), N = 256, TILE_SIZE = 8
Nama: Tara Mazaya Lababan
NPM: 2406514564
Matrix Size (N) = 256
        Total Execution Time = 1.247 ms
        Computation Time = 0.171 ms
        Communication Time = 1.076 ms

Result matrix (first 10x10):
512.0 512.0 512.0 512.0 512.0 512.0 512.0 512.0 512.0 512.0
512.0 512.0 512.0 512.0 512.0 512.0 512.0 512.0 512.0 512.0
512.0 512.0 512.0 512.0 512.0 512.0 512.0 512.0 512.0 512.0
512.0 512.0 512.0 512.0 512.0 512.0 512.0 512.0 512.0 512.0
512.0 512.0 512.0 512.0 512.0 512.0 512.0 512.0 512.0 512.0
512.0 512.0 512.0 512.0 512.0 512.0 512.0 512.0 512.0 512.0
512.0 512.0 512.0 512.0 512.0 512.0 512.0 512.0 512.0 512.0
512.0 512.0 512.0 512.0 512.0 512.0 512.0 512.0 512.0 512.0
512.0 512.0 512.0 512.0 512.0 512.0 512.0 512.0 512.0 512.0
512.0 512.0 512.0 512.0 512.0 512.0 512.0 512.0 512.0 512.0

Max abs error vs CPU = 0.000000e+00

[CUDA-OPT-SHARED] N=256, TILE_SIZE=16
CUDA matmul (shared memory), N = 256, TILE_SIZE = 16
Nama: Tara Mazaya Lababan
NPM: 2406514564
Matrix Size (N) = 256
        Total Execution Time = 1.362 ms
        Computation Time = 0.175 ms
        Communication Time = 1.187 ms

Result matrix (first 10x10):
512.0 512.0 512.0 512.0 512.0 512.0 512.0 512.0 512.0 512.0
512.0 512.0 512.0 512.0 512.0 512.0 512.0 512.0 512.0 512.0
512.0 512.0 512.0 512.0 512.0 512.0 512.0 512.0 512.0 512.0
512.0 512.0 512.0 512.0 512.0 512.0 512.0 512.0 512.0 512.0
512.0 512.0 512.0 512.0 512.0 512.0 512.0 512.0 512.0 512.0
512.0 512.0 512.0 512.0 512.0 512.0 512.0 512.0 512.0 512.0
512.0 512.0 512.0 512.0 512.0 512.0 512.0 512.0 512.0 512.0
512.0 512.0 512.0 512.0 512.0 512.0 512.0 512.0 512.0 512.0
512.0 512.0 512.0 512.0 512.0 512.0 512.0 512.0 512.0 512.0
512.0 512.0 512.0 512.0 512.0 512.0 512.0 512.0 512.0 512.0

Max abs error vs CPU = 0.000000e+00

[CUDA-OPT-SHARED] N=256, TILE_SIZE=32
CUDA matmul (shared memory), N = 256, TILE_SIZE = 32
Nama: Tara Mazaya Lababan
NPM: 2406514564
Matrix Size (N) = 256
        Total Execution Time = 1.434 ms
        Computation Time = 0.201 ms
        Communication Time = 1.233 ms

Result matrix (first 10x10):
512.0 512.0 512.0 512.0 512.0 512.0 512.0 512.0 512.0 512.0
512.0 512.0 512.0 512.0 512.0 512.0 512.0 512.0 512.0 512.0
512.0 512.0 512.0 512.0 512.0 512.0 512.0 512.0 512.0 512.0
512.0 512.0 512.0 512.0 512.0 512.0 512.0 512.0 512.0 512.0
512.0 512.0 512.0 512.0 512.0 512.0 512.0 512.0 512.0 512.0
512.0 512.0 512.0 512.0 512.0 512.0 512.0 512.0 512.0 512.0
512.0 512.0 512.0 512.0 512.0 512.0 512.0 512.0 512.0 512.0
512.0 512.0 512.0 512.0 512.0 512.0 512.0 512.0 512.0 512.0
512.0 512.0 512.0 512.0 512.0 512.0 512.0 512.0 512.0 512.0
512.0 512.0 512.0 512.0 512.0 512.0 512.0 512.0 512.0 512.0

Max abs error vs CPU = 0.000000e+00

[CUBLAS] N=256
cuBLAS matmul, N = 256
Nama: Tara Mazaya Lababan
NPM: 2406514564
Matrix Size (N) = 256
        Total Execution Time = 1.363 ms
        Computation Time = 0.144 ms
        Communication Time = 1.219 ms

Result matrix (first 10x10):
512.0 512.0 512.0 512.0 512.0 512.0 512.0 512.0 512.0 512.0
512.0 512.0 512.0 512.0 512.0 512.0 512.0 512.0 512.0 512.0
512.0 512.0 512.0 512.0 512.0 512.0 512.0 512.0 512.0 512.0
512.0 512.0 512.0 512.0 512.0 512.0 512.0 512.0 512.0 512.0
512.0 512.0 512.0 512.0 512.0 512.0 512.0 512.0 512.0 512.0
512.0 512.0 512.0 512.0 512.0 512.0 512.0 512.0 512.0 512.0
512.0 512.0 512.0 512.0 512.0 512.0 512.0 512.0 512.0 512.0
512.0 512.0 512.0 512.0 512.0 512.0 512.0 512.0 512.0 512.0
512.0 512.0 512.0 512.0 512.0 512.0 512.0 512.0 512.0 512.0
512.0 512.0 512.0 512.0 512.0 512.0 512.0 512.0 512.0 512.0

Max abs error vs CPU = 0.000000e+00

[MPI] N=256, np=1
Nama: Tara Mazaya Lababan
NPM: 2406514564
Matrix Size (N) = 256
        Total Execution Time = 32.530 ms
        Computation Time = 32.261 ms
        Communication Time = 0.269 ms

Result matrix (first 10x10):
512.00 512.00 512.00 512.00 512.00 512.00 512.00 512.00 512.00 512.00
512.00 512.00 512.00 512.00 512.00 512.00 512.00 512.00 512.00 512.00
512.00 512.00 512.00 512.00 512.00 512.00 512.00 512.00 512.00 512.00
512.00 512.00 512.00 512.00 512.00 512.00 512.00 512.00 512.00 512.00
512.00 512.00 512.00 512.00 512.00 512.00 512.00 512.00 512.00 512.00
512.00 512.00 512.00 512.00 512.00 512.00 512.00 512.00 512.00 512.00
512.00 512.00 512.00 512.00 512.00 512.00 512.00 512.00 512.00 512.00
512.00 512.00 512.00 512.00 512.00 512.00 512.00 512.00 512.00 512.00
512.00 512.00 512.00 512.00 512.00 512.00 512.00 512.00 512.00 512.00
512.00 512.00 512.00 512.00 512.00 512.00 512.00 512.00 512.00 512.00

Max error vs CPU = 0.000000e+00

[MPI] N=256, np=2
Nama: Tara Mazaya Lababan
NPM: 2406514564
Matrix Size (N) = 256
        Total Execution Time = 17.031 ms
        Computation Time = 16.499 ms
        Communication Time = 0.532 ms

Result matrix (first 10x10):
512.00 512.00 512.00 512.00 512.00 512.00 512.00 512.00 512.00 512.00
512.00 512.00 512.00 512.00 512.00 512.00 512.00 512.00 512.00 512.00
512.00 512.00 512.00 512.00 512.00 512.00 512.00 512.00 512.00 512.00
512.00 512.00 512.00 512.00 512.00 512.00 512.00 512.00 512.00 512.00
512.00 512.00 512.00 512.00 512.00 512.00 512.00 512.00 512.00 512.00
512.00 512.00 512.00 512.00 512.00 512.00 512.00 512.00 512.00 512.00
512.00 512.00 512.00 512.00 512.00 512.00 512.00 512.00 512.00 512.00
512.00 512.00 512.00 512.00 512.00 512.00 512.00 512.00 512.00 512.00
512.00 512.00 512.00 512.00 512.00 512.00 512.00 512.00 512.00 512.00
512.00 512.00 512.00 512.00 512.00 512.00 512.00 512.00 512.00 512.00

Max error vs CPU = 0.000000e+00

[MPI] N=256, np=4
Nama: Tara Mazaya Lababan
NPM: 2406514564
Matrix Size (N) = 256
        Total Execution Time = 15.186 ms
        Computation Time = 13.596 ms
        Communication Time = 1.590 ms

Result matrix (first 10x10):
512.00 512.00 512.00 512.00 512.00 512.00 512.00 512.00 512.00 512.00
512.00 512.00 512.00 512.00 512.00 512.00 512.00 512.00 512.00 512.00
512.00 512.00 512.00 512.00 512.00 512.00 512.00 512.00 512.00 512.00
512.00 512.00 512.00 512.00 512.00 512.00 512.00 512.00 512.00 512.00
512.00 512.00 512.00 512.00 512.00 512.00 512.00 512.00 512.00 512.00
512.00 512.00 512.00 512.00 512.00 512.00 512.00 512.00 512.00 512.00
512.00 512.00 512.00 512.00 512.00 512.00 512.00 512.00 512.00 512.00
512.00 512.00 512.00 512.00 512.00 512.00 512.00 512.00 512.00 512.00
512.00 512.00 512.00 512.00 512.00 512.00 512.00 512.00 512.00 512.00
512.00 512.00 512.00 512.00 512.00 512.00 512.00 512.00 512.00 512.00

Max error vs CPU = 0.000000e+00

[MPI] N=256, np=8
Nama: Tara Mazaya Lababan
NPM: 2406514564
Matrix Size (N) = 256
        Total Execution Time = 10.959 ms
        Computation Time = 9.212 ms
        Communication Time = 1.747 ms

Result matrix (first 10x10):
512.00 512.00 512.00 512.00 512.00 512.00 512.00 512.00 512.00 512.00
512.00 512.00 512.00 512.00 512.00 512.00 512.00 512.00 512.00 512.00
512.00 512.00 512.00 512.00 512.00 512.00 512.00 512.00 512.00 512.00
512.00 512.00 512.00 512.00 512.00 512.00 512.00 512.00 512.00 512.00
512.00 512.00 512.00 512.00 512.00 512.00 512.00 512.00 512.00 512.00
512.00 512.00 512.00 512.00 512.00 512.00 512.00 512.00 512.00 512.00
512.00 512.00 512.00 512.00 512.00 512.00 512.00 512.00 512.00 512.00
512.00 512.00 512.00 512.00 512.00 512.00 512.00 512.00 512.00 512.00
512.00 512.00 512.00 512.00 512.00 512.00 512.00 512.00 512.00 512.00
512.00 512.00 512.00 512.00 512.00 512.00 512.00 512.00 512.00 512.00

Max error vs CPU = 0.000000e+00

########################################################
N = 512
########################################################

[SEQ] CPU sequential, N=512
Sequential CPU matmul, N = 512
CPU compute time: 716.408 ms

Result C (first 10x10):
1024.0 1024.0 1024.0 1024.0 1024.0 1024.0 1024.0 1024.0 1024.0 1024.0
1024.0 1024.0 1024.0 1024.0 1024.0 1024.0 1024.0 1024.0 1024.0 1024.0
1024.0 1024.0 1024.0 1024.0 1024.0 1024.0 1024.0 1024.0 1024.0 1024.0
1024.0 1024.0 1024.0 1024.0 1024.0 1024.0 1024.0 1024.0 1024.0 1024.0
1024.0 1024.0 1024.0 1024.0 1024.0 1024.0 1024.0 1024.0 1024.0 1024.0
1024.0 1024.0 1024.0 1024.0 1024.0 1024.0 1024.0 1024.0 1024.0 1024.0
1024.0 1024.0 1024.0 1024.0 1024.0 1024.0 1024.0 1024.0 1024.0 1024.0
1024.0 1024.0 1024.0 1024.0 1024.0 1024.0 1024.0 1024.0 1024.0 1024.0
1024.0 1024.0 1024.0 1024.0 1024.0 1024.0 1024.0 1024.0 1024.0 1024.0
1024.0 1024.0 1024.0 1024.0 1024.0 1024.0 1024.0 1024.0 1024.0 1024.0

[CUDA-NOPT] N=512, blockSize=8
CUDA matmul (no shared memory), N = 512, blockSize = 8
Nama: Tara Mazaya Lababan
NPM: 2406514564
Matrix Size (N) = 512
        Total Execution Time = 2.421 ms
        Computation Time = 0.966 ms
        Communication Time = 1.455 ms

Result matrix (first 10x10):
1024.0 1024.0 1024.0 1024.0 1024.0 1024.0 1024.0 1024.0 1024.0 1024.0
1024.0 1024.0 1024.0 1024.0 1024.0 1024.0 1024.0 1024.0 1024.0 1024.0
1024.0 1024.0 1024.0 1024.0 1024.0 1024.0 1024.0 1024.0 1024.0 1024.0
1024.0 1024.0 1024.0 1024.0 1024.0 1024.0 1024.0 1024.0 1024.0 1024.0
1024.0 1024.0 1024.0 1024.0 1024.0 1024.0 1024.0 1024.0 1024.0 1024.0
1024.0 1024.0 1024.0 1024.0 1024.0 1024.0 1024.0 1024.0 1024.0 1024.0
1024.0 1024.0 1024.0 1024.0 1024.0 1024.0 1024.0 1024.0 1024.0 1024.0
1024.0 1024.0 1024.0 1024.0 1024.0 1024.0 1024.0 1024.0 1024.0 1024.0
1024.0 1024.0 1024.0 1024.0 1024.0 1024.0 1024.0 1024.0 1024.0 1024.0
1024.0 1024.0 1024.0 1024.0 1024.0 1024.0 1024.0 1024.0 1024.0 1024.0

Max abs error vs CPU = 0.000000e+00

[CUDA-NOPT] N=512, blockSize=16
CUDA matmul (no shared memory), N = 512, blockSize = 16
Nama: Tara Mazaya Lababan
NPM: 2406514564
Matrix Size (N) = 512
        Total Execution Time = 2.372 ms
        Computation Time = 0.923 ms
        Communication Time = 1.449 ms

Result matrix (first 10x10):
1024.0 1024.0 1024.0 1024.0 1024.0 1024.0 1024.0 1024.0 1024.0 1024.0
1024.0 1024.0 1024.0 1024.0 1024.0 1024.0 1024.0 1024.0 1024.0 1024.0
1024.0 1024.0 1024.0 1024.0 1024.0 1024.0 1024.0 1024.0 1024.0 1024.0
1024.0 1024.0 1024.0 1024.0 1024.0 1024.0 1024.0 1024.0 1024.0 1024.0
1024.0 1024.0 1024.0 1024.0 1024.0 1024.0 1024.0 1024.0 1024.0 1024.0
1024.0 1024.0 1024.0 1024.0 1024.0 1024.0 1024.0 1024.0 1024.0 1024.0
1024.0 1024.0 1024.0 1024.0 1024.0 1024.0 1024.0 1024.0 1024.0 1024.0
1024.0 1024.0 1024.0 1024.0 1024.0 1024.0 1024.0 1024.0 1024.0 1024.0
1024.0 1024.0 1024.0 1024.0 1024.0 1024.0 1024.0 1024.0 1024.0 1024.0
1024.0 1024.0 1024.0 1024.0 1024.0 1024.0 1024.0 1024.0 1024.0 1024.0

Max abs error vs CPU = 0.000000e+00

[CUDA-NOPT] N=512, blockSize=32
CUDA matmul (no shared memory), N = 512, blockSize = 32
Nama: Tara Mazaya Lababan
NPM: 2406514564
Matrix Size (N) = 512
        Total Execution Time = 2.774 ms
        Computation Time = 1.307 ms
        Communication Time = 1.467 ms

Result matrix (first 10x10):
1024.0 1024.0 1024.0 1024.0 1024.0 1024.0 1024.0 1024.0 1024.0 1024.0
1024.0 1024.0 1024.0 1024.0 1024.0 1024.0 1024.0 1024.0 1024.0 1024.0
1024.0 1024.0 1024.0 1024.0 1024.0 1024.0 1024.0 1024.0 1024.0 1024.0
1024.0 1024.0 1024.0 1024.0 1024.0 1024.0 1024.0 1024.0 1024.0 1024.0
1024.0 1024.0 1024.0 1024.0 1024.0 1024.0 1024.0 1024.0 1024.0 1024.0
1024.0 1024.0 1024.0 1024.0 1024.0 1024.0 1024.0 1024.0 1024.0 1024.0
1024.0 1024.0 1024.0 1024.0 1024.0 1024.0 1024.0 1024.0 1024.0 1024.0
1024.0 1024.0 1024.0 1024.0 1024.0 1024.0 1024.0 1024.0 1024.0 1024.0
1024.0 1024.0 1024.0 1024.0 1024.0 1024.0 1024.0 1024.0 1024.0 1024.0
1024.0 1024.0 1024.0 1024.0 1024.0 1024.0 1024.0 1024.0 1024.0 1024.0

Max abs error vs CPU = 0.000000e+00

[CUDA-OPT-SHARED] N=512, TILE_SIZE=8
CUDA matmul (shared memory), N = 512, TILE_SIZE = 8
Nama: Tara Mazaya Lababan
NPM: 2406514564
Matrix Size (N) = 512
        Total Execution Time = 3.191 ms
        Computation Time = 1.251 ms
        Communication Time = 1.940 ms

Result matrix (first 10x10):
1024.0 1024.0 1024.0 1024.0 1024.0 1024.0 1024.0 1024.0 1024.0 1024.0
1024.0 1024.0 1024.0 1024.0 1024.0 1024.0 1024.0 1024.0 1024.0 1024.0
1024.0 1024.0 1024.0 1024.0 1024.0 1024.0 1024.0 1024.0 1024.0 1024.0
1024.0 1024.0 1024.0 1024.0 1024.0 1024.0 1024.0 1024.0 1024.0 1024.0
1024.0 1024.0 1024.0 1024.0 1024.0 1024.0 1024.0 1024.0 1024.0 1024.0
1024.0 1024.0 1024.0 1024.0 1024.0 1024.0 1024.0 1024.0 1024.0 1024.0
1024.0 1024.0 1024.0 1024.0 1024.0 1024.0 1024.0 1024.0 1024.0 1024.0
1024.0 1024.0 1024.0 1024.0 1024.0 1024.0 1024.0 1024.0 1024.0 1024.0
1024.0 1024.0 1024.0 1024.0 1024.0 1024.0 1024.0 1024.0 1024.0 1024.0
1024.0 1024.0 1024.0 1024.0 1024.0 1024.0 1024.0 1024.0 1024.0 1024.0

Max abs error vs CPU = 0.000000e+00

[CUDA-OPT-SHARED] N=512, TILE_SIZE=16
CUDA matmul (shared memory), N = 512, TILE_SIZE = 16
Nama: Tara Mazaya Lababan
NPM: 2406514564
Matrix Size (N) = 512
        Total Execution Time = 2.851 ms
        Computation Time = 1.274 ms
        Communication Time = 1.577 ms

Result matrix (first 10x10):
1024.0 1024.0 1024.0 1024.0 1024.0 1024.0 1024.0 1024.0 1024.0 1024.0
1024.0 1024.0 1024.0 1024.0 1024.0 1024.0 1024.0 1024.0 1024.0 1024.0
1024.0 1024.0 1024.0 1024.0 1024.0 1024.0 1024.0 1024.0 1024.0 1024.0
1024.0 1024.0 1024.0 1024.0 1024.0 1024.0 1024.0 1024.0 1024.0 1024.0
1024.0 1024.0 1024.0 1024.0 1024.0 1024.0 1024.0 1024.0 1024.0 1024.0
1024.0 1024.0 1024.0 1024.0 1024.0 1024.0 1024.0 1024.0 1024.0 1024.0
1024.0 1024.0 1024.0 1024.0 1024.0 1024.0 1024.0 1024.0 1024.0 1024.0
1024.0 1024.0 1024.0 1024.0 1024.0 1024.0 1024.0 1024.0 1024.0 1024.0
1024.0 1024.0 1024.0 1024.0 1024.0 1024.0 1024.0 1024.0 1024.0 1024.0
1024.0 1024.0 1024.0 1024.0 1024.0 1024.0 1024.0 1024.0 1024.0 1024.0

Max abs error vs CPU = 0.000000e+00

[CUDA-OPT-SHARED] N=512, TILE_SIZE=32
CUDA matmul (shared memory), N = 512, TILE_SIZE = 32
Nama: Tara Mazaya Lababan
NPM: 2406514564
Matrix Size (N) = 512
        Total Execution Time = 2.778 ms
        Computation Time = 1.283 ms
        Communication Time = 1.495 ms

Result matrix (first 10x10):
1024.0 1024.0 1024.0 1024.0 1024.0 1024.0 1024.0 1024.0 1024.0 1024.0
1024.0 1024.0 1024.0 1024.0 1024.0 1024.0 1024.0 1024.0 1024.0 1024.0
1024.0 1024.0 1024.0 1024.0 1024.0 1024.0 1024.0 1024.0 1024.0 1024.0
1024.0 1024.0 1024.0 1024.0 1024.0 1024.0 1024.0 1024.0 1024.0 1024.0
1024.0 1024.0 1024.0 1024.0 1024.0 1024.0 1024.0 1024.0 1024.0 1024.0
1024.0 1024.0 1024.0 1024.0 1024.0 1024.0 1024.0 1024.0 1024.0 1024.0
1024.0 1024.0 1024.0 1024.0 1024.0 1024.0 1024.0 1024.0 1024.0 1024.0
1024.0 1024.0 1024.0 1024.0 1024.0 1024.0 1024.0 1024.0 1024.0 1024.0
1024.0 1024.0 1024.0 1024.0 1024.0 1024.0 1024.0 1024.0 1024.0 1024.0
1024.0 1024.0 1024.0 1024.0 1024.0 1024.0 1024.0 1024.0 1024.0 1024.0

Max abs error vs CPU = 0.000000e+00

[CUBLAS] N=512
cuBLAS matmul, N = 512
Nama: Tara Mazaya Lababan
NPM: 2406514564
Matrix Size (N) = 512
        Total Execution Time = 2.563 ms
        Computation Time = 1.007 ms
        Communication Time = 1.556 ms

Result matrix (first 10x10):
1024.0 1024.0 1024.0 1024.0 1024.0 1024.0 1024.0 1024.0 1024.0 1024.0
1024.0 1024.0 1024.0 1024.0 1024.0 1024.0 1024.0 1024.0 1024.0 1024.0
1024.0 1024.0 1024.0 1024.0 1024.0 1024.0 1024.0 1024.0 1024.0 1024.0
1024.0 1024.0 1024.0 1024.0 1024.0 1024.0 1024.0 1024.0 1024.0 1024.0
1024.0 1024.0 1024.0 1024.0 1024.0 1024.0 1024.0 1024.0 1024.0 1024.0
1024.0 1024.0 1024.0 1024.0 1024.0 1024.0 1024.0 1024.0 1024.0 1024.0
1024.0 1024.0 1024.0 1024.0 1024.0 1024.0 1024.0 1024.0 1024.0 1024.0
1024.0 1024.0 1024.0 1024.0 1024.0 1024.0 1024.0 1024.0 1024.0 1024.0
1024.0 1024.0 1024.0 1024.0 1024.0 1024.0 1024.0 1024.0 1024.0 1024.0
1024.0 1024.0 1024.0 1024.0 1024.0 1024.0 1024.0 1024.0 1024.0 1024.0

Max abs error vs CPU = 0.000000e+00

[MPI] N=512, np=1
Nama: Tara Mazaya Lababan
NPM: 2406514564
Matrix Size (N) = 512
        Total Execution Time = 714.733 ms
        Computation Time = 713.372 ms
        Communication Time = 1.360 ms

Result matrix (first 10x10):
1024.00 1024.00 1024.00 1024.00 1024.00 1024.00 1024.00 1024.00 1024.00 1024.00
1024.00 1024.00 1024.00 1024.00 1024.00 1024.00 1024.00 1024.00 1024.00 1024.00
1024.00 1024.00 1024.00 1024.00 1024.00 1024.00 1024.00 1024.00 1024.00 1024.00
1024.00 1024.00 1024.00 1024.00 1024.00 1024.00 1024.00 1024.00 1024.00 1024.00
1024.00 1024.00 1024.00 1024.00 1024.00 1024.00 1024.00 1024.00 1024.00 1024.00
1024.00 1024.00 1024.00 1024.00 1024.00 1024.00 1024.00 1024.00 1024.00 1024.00
1024.00 1024.00 1024.00 1024.00 1024.00 1024.00 1024.00 1024.00 1024.00 1024.00
1024.00 1024.00 1024.00 1024.00 1024.00 1024.00 1024.00 1024.00 1024.00 1024.00
1024.00 1024.00 1024.00 1024.00 1024.00 1024.00 1024.00 1024.00 1024.00 1024.00
1024.00 1024.00 1024.00 1024.00 1024.00 1024.00 1024.00 1024.00 1024.00 1024.00

Max error vs CPU = 0.000000e+00

[MPI] N=512, np=2
Nama: Tara Mazaya Lababan
NPM: 2406514564
Matrix Size (N) = 512
        Total Execution Time = 362.633 ms
        Computation Time = 360.528 ms
        Communication Time = 2.105 ms

Result matrix (first 10x10):
1024.00 1024.00 1024.00 1024.00 1024.00 1024.00 1024.00 1024.00 1024.00 1024.00
1024.00 1024.00 1024.00 1024.00 1024.00 1024.00 1024.00 1024.00 1024.00 1024.00
1024.00 1024.00 1024.00 1024.00 1024.00 1024.00 1024.00 1024.00 1024.00 1024.00
1024.00 1024.00 1024.00 1024.00 1024.00 1024.00 1024.00 1024.00 1024.00 1024.00
1024.00 1024.00 1024.00 1024.00 1024.00 1024.00 1024.00 1024.00 1024.00 1024.00
1024.00 1024.00 1024.00 1024.00 1024.00 1024.00 1024.00 1024.00 1024.00 1024.00
1024.00 1024.00 1024.00 1024.00 1024.00 1024.00 1024.00 1024.00 1024.00 1024.00
1024.00 1024.00 1024.00 1024.00 1024.00 1024.00 1024.00 1024.00 1024.00 1024.00
1024.00 1024.00 1024.00 1024.00 1024.00 1024.00 1024.00 1024.00 1024.00 1024.00
1024.00 1024.00 1024.00 1024.00 1024.00 1024.00 1024.00 1024.00 1024.00 1024.00

Max error vs CPU = 0.000000e+00

[MPI] N=512, np=4
Nama: Tara Mazaya Lababan
NPM: 2406514564
Matrix Size (N) = 512
        Total Execution Time = 203.925 ms
        Computation Time = 189.000 ms
        Communication Time = 14.924 ms

Result matrix (first 10x10):
1024.00 1024.00 1024.00 1024.00 1024.00 1024.00 1024.00 1024.00 1024.00 1024.00
1024.00 1024.00 1024.00 1024.00 1024.00 1024.00 1024.00 1024.00 1024.00 1024.00
1024.00 1024.00 1024.00 1024.00 1024.00 1024.00 1024.00 1024.00 1024.00 1024.00
1024.00 1024.00 1024.00 1024.00 1024.00 1024.00 1024.00 1024.00 1024.00 1024.00
1024.00 1024.00 1024.00 1024.00 1024.00 1024.00 1024.00 1024.00 1024.00 1024.00
1024.00 1024.00 1024.00 1024.00 1024.00 1024.00 1024.00 1024.00 1024.00 1024.00
1024.00 1024.00 1024.00 1024.00 1024.00 1024.00 1024.00 1024.00 1024.00 1024.00
1024.00 1024.00 1024.00 1024.00 1024.00 1024.00 1024.00 1024.00 1024.00 1024.00
1024.00 1024.00 1024.00 1024.00 1024.00 1024.00 1024.00 1024.00 1024.00 1024.00
1024.00 1024.00 1024.00 1024.00 1024.00 1024.00 1024.00 1024.00 1024.00 1024.00

Max error vs CPU = 0.000000e+00

[MPI] N=512, np=8
Nama: Tara Mazaya Lababan
NPM: 2406514564
Matrix Size (N) = 512
        Total Execution Time = 143.091 ms
        Computation Time = 98.274 ms
        Communication Time = 44.816 ms

Result matrix (first 10x10):
1024.00 1024.00 1024.00 1024.00 1024.00 1024.00 1024.00 1024.00 1024.00 1024.00
1024.00 1024.00 1024.00 1024.00 1024.00 1024.00 1024.00 1024.00 1024.00 1024.00
1024.00 1024.00 1024.00 1024.00 1024.00 1024.00 1024.00 1024.00 1024.00 1024.00
1024.00 1024.00 1024.00 1024.00 1024.00 1024.00 1024.00 1024.00 1024.00 1024.00
1024.00 1024.00 1024.00 1024.00 1024.00 1024.00 1024.00 1024.00 1024.00 1024.00
1024.00 1024.00 1024.00 1024.00 1024.00 1024.00 1024.00 1024.00 1024.00 1024.00
1024.00 1024.00 1024.00 1024.00 1024.00 1024.00 1024.00 1024.00 1024.00 1024.00
1024.00 1024.00 1024.00 1024.00 1024.00 1024.00 1024.00 1024.00 1024.00 1024.00
1024.00 1024.00 1024.00 1024.00 1024.00 1024.00 1024.00 1024.00 1024.00 1024.00
1024.00 1024.00 1024.00 1024.00 1024.00 1024.00 1024.00 1024.00 1024.00 1024.00

Max error vs CPU = 0.000000e+00

########################################################
N = 1024
########################################################

[SEQ] CPU sequential, N=1024
Sequential CPU matmul, N = 1024
CPU compute time: 6171.736 ms

Result C (first 10x10):
2048.0 2048.0 2048.0 2048.0 2048.0 2048.0 2048.0 2048.0 2048.0 2048.0
2048.0 2048.0 2048.0 2048.0 2048.0 2048.0 2048.0 2048.0 2048.0 2048.0
2048.0 2048.0 2048.0 2048.0 2048.0 2048.0 2048.0 2048.0 2048.0 2048.0
2048.0 2048.0 2048.0 2048.0 2048.0 2048.0 2048.0 2048.0 2048.0 2048.0
2048.0 2048.0 2048.0 2048.0 2048.0 2048.0 2048.0 2048.0 2048.0 2048.0
2048.0 2048.0 2048.0 2048.0 2048.0 2048.0 2048.0 2048.0 2048.0 2048.0
2048.0 2048.0 2048.0 2048.0 2048.0 2048.0 2048.0 2048.0 2048.0 2048.0
2048.0 2048.0 2048.0 2048.0 2048.0 2048.0 2048.0 2048.0 2048.0 2048.0
2048.0 2048.0 2048.0 2048.0 2048.0 2048.0 2048.0 2048.0 2048.0 2048.0
2048.0 2048.0 2048.0 2048.0 2048.0 2048.0 2048.0 2048.0 2048.0 2048.0

[CUDA-NOPT] N=1024, blockSize=8
CUDA matmul (no shared memory), N = 1024, blockSize = 8
Nama: Tara Mazaya Lababan
NPM: 2406514564
Matrix Size (N) = 1024
        Total Execution Time = 13.447 ms
        Computation Time = 7.977 ms
        Communication Time = 5.470 ms

Result matrix (first 10x10):
2048.0 2048.0 2048.0 2048.0 2048.0 2048.0 2048.0 2048.0 2048.0 2048.0
2048.0 2048.0 2048.0 2048.0 2048.0 2048.0 2048.0 2048.0 2048.0 2048.0
2048.0 2048.0 2048.0 2048.0 2048.0 2048.0 2048.0 2048.0 2048.0 2048.0
2048.0 2048.0 2048.0 2048.0 2048.0 2048.0 2048.0 2048.0 2048.0 2048.0
2048.0 2048.0 2048.0 2048.0 2048.0 2048.0 2048.0 2048.0 2048.0 2048.0
2048.0 2048.0 2048.0 2048.0 2048.0 2048.0 2048.0 2048.0 2048.0 2048.0
2048.0 2048.0 2048.0 2048.0 2048.0 2048.0 2048.0 2048.0 2048.0 2048.0
2048.0 2048.0 2048.0 2048.0 2048.0 2048.0 2048.0 2048.0 2048.0 2048.0
2048.0 2048.0 2048.0 2048.0 2048.0 2048.0 2048.0 2048.0 2048.0 2048.0
2048.0 2048.0 2048.0 2048.0 2048.0 2048.0 2048.0 2048.0 2048.0 2048.0

Skip CPU verification (N > 512), jalankan seq.cu jika ingin cek.

[CUDA-NOPT] N=1024, blockSize=16
CUDA matmul (no shared memory), N = 1024, blockSize = 16
Nama: Tara Mazaya Lababan
NPM: 2406514564
Matrix Size (N) = 1024
        Total Execution Time = 12.181 ms
        Computation Time = 7.052 ms
        Communication Time = 5.129 ms

Result matrix (first 10x10):
2048.0 2048.0 2048.0 2048.0 2048.0 2048.0 2048.0 2048.0 2048.0 2048.0
2048.0 2048.0 2048.0 2048.0 2048.0 2048.0 2048.0 2048.0 2048.0 2048.0
2048.0 2048.0 2048.0 2048.0 2048.0 2048.0 2048.0 2048.0 2048.0 2048.0
2048.0 2048.0 2048.0 2048.0 2048.0 2048.0 2048.0 2048.0 2048.0 2048.0
2048.0 2048.0 2048.0 2048.0 2048.0 2048.0 2048.0 2048.0 2048.0 2048.0
2048.0 2048.0 2048.0 2048.0 2048.0 2048.0 2048.0 2048.0 2048.0 2048.0
2048.0 2048.0 2048.0 2048.0 2048.0 2048.0 2048.0 2048.0 2048.0 2048.0
2048.0 2048.0 2048.0 2048.0 2048.0 2048.0 2048.0 2048.0 2048.0 2048.0
2048.0 2048.0 2048.0 2048.0 2048.0 2048.0 2048.0 2048.0 2048.0 2048.0
2048.0 2048.0 2048.0 2048.0 2048.0 2048.0 2048.0 2048.0 2048.0 2048.0

Skip CPU verification (N > 512), jalankan seq.cu jika ingin cek.

[CUDA-NOPT] N=1024, blockSize=32
CUDA matmul (no shared memory), N = 1024, blockSize = 32
Nama: Tara Mazaya Lababan
NPM: 2406514564
Matrix Size (N) = 1024
        Total Execution Time = 15.660 ms
        Computation Time = 10.158 ms
        Communication Time = 5.502 ms

Result matrix (first 10x10):
2048.0 2048.0 2048.0 2048.0 2048.0 2048.0 2048.0 2048.0 2048.0 2048.0
2048.0 2048.0 2048.0 2048.0 2048.0 2048.0 2048.0 2048.0 2048.0 2048.0
2048.0 2048.0 2048.0 2048.0 2048.0 2048.0 2048.0 2048.0 2048.0 2048.0
2048.0 2048.0 2048.0 2048.0 2048.0 2048.0 2048.0 2048.0 2048.0 2048.0
2048.0 2048.0 2048.0 2048.0 2048.0 2048.0 2048.0 2048.0 2048.0 2048.0
2048.0 2048.0 2048.0 2048.0 2048.0 2048.0 2048.0 2048.0 2048.0 2048.0
2048.0 2048.0 2048.0 2048.0 2048.0 2048.0 2048.0 2048.0 2048.0 2048.0
2048.0 2048.0 2048.0 2048.0 2048.0 2048.0 2048.0 2048.0 2048.0 2048.0
2048.0 2048.0 2048.0 2048.0 2048.0 2048.0 2048.0 2048.0 2048.0 2048.0
2048.0 2048.0 2048.0 2048.0 2048.0 2048.0 2048.0 2048.0 2048.0 2048.0

Skip CPU verification (N > 512), jalankan seq.cu jika ingin cek.

[CUDA-OPT-SHARED] N=1024, TILE_SIZE=8
CUDA matmul (shared memory), N = 1024, TILE_SIZE = 8
Nama: Tara Mazaya Lababan
NPM: 2406514564
Matrix Size (N) = 1024
        Total Execution Time = 15.570 ms
        Computation Time = 9.910 ms
        Communication Time = 5.660 ms

Result matrix (first 10x10):
2048.0 2048.0 2048.0 2048.0 2048.0 2048.0 2048.0 2048.0 2048.0 2048.0
2048.0 2048.0 2048.0 2048.0 2048.0 2048.0 2048.0 2048.0 2048.0 2048.0
2048.0 2048.0 2048.0 2048.0 2048.0 2048.0 2048.0 2048.0 2048.0 2048.0
2048.0 2048.0 2048.0 2048.0 2048.0 2048.0 2048.0 2048.0 2048.0 2048.0
2048.0 2048.0 2048.0 2048.0 2048.0 2048.0 2048.0 2048.0 2048.0 2048.0
2048.0 2048.0 2048.0 2048.0 2048.0 2048.0 2048.0 2048.0 2048.0 2048.0
2048.0 2048.0 2048.0 2048.0 2048.0 2048.0 2048.0 2048.0 2048.0 2048.0
2048.0 2048.0 2048.0 2048.0 2048.0 2048.0 2048.0 2048.0 2048.0 2048.0
2048.0 2048.0 2048.0 2048.0 2048.0 2048.0 2048.0 2048.0 2048.0 2048.0
2048.0 2048.0 2048.0 2048.0 2048.0 2048.0 2048.0 2048.0 2048.0 2048.0

Skip CPU verification (N > 512), jalankan seq.cu jika ingin cek.

[CUDA-OPT-SHARED] N=1024, TILE_SIZE=16
CUDA matmul (shared memory), N = 1024, TILE_SIZE = 16
Nama: Tara Mazaya Lababan
NPM: 2406514564
Matrix Size (N) = 1024
        Total Execution Time = 15.060 ms
        Computation Time = 9.573 ms
        Communication Time = 5.487 ms

Result matrix (first 10x10):
2048.0 2048.0 2048.0 2048.0 2048.0 2048.0 2048.0 2048.0 2048.0 2048.0
2048.0 2048.0 2048.0 2048.0 2048.0 2048.0 2048.0 2048.0 2048.0 2048.0
2048.0 2048.0 2048.0 2048.0 2048.0 2048.0 2048.0 2048.0 2048.0 2048.0
2048.0 2048.0 2048.0 2048.0 2048.0 2048.0 2048.0 2048.0 2048.0 2048.0
2048.0 2048.0 2048.0 2048.0 2048.0 2048.0 2048.0 2048.0 2048.0 2048.0
2048.0 2048.0 2048.0 2048.0 2048.0 2048.0 2048.0 2048.0 2048.0 2048.0
2048.0 2048.0 2048.0 2048.0 2048.0 2048.0 2048.0 2048.0 2048.0 2048.0
2048.0 2048.0 2048.0 2048.0 2048.0 2048.0 2048.0 2048.0 2048.0 2048.0
2048.0 2048.0 2048.0 2048.0 2048.0 2048.0 2048.0 2048.0 2048.0 2048.0
2048.0 2048.0 2048.0 2048.0 2048.0 2048.0 2048.0 2048.0 2048.0 2048.0

Skip CPU verification (N > 512), jalankan seq.cu jika ingin cek.

[CUDA-OPT-SHARED] N=1024, TILE_SIZE=32
CUDA matmul (shared memory), N = 1024, TILE_SIZE = 32
Nama: Tara Mazaya Lababan
NPM: 2406514564
Matrix Size (N) = 1024
        Total Execution Time = 14.595 ms
        Computation Time = 9.415 ms
        Communication Time = 5.180 ms

Result matrix (first 10x10):
2048.0 2048.0 2048.0 2048.0 2048.0 2048.0 2048.0 2048.0 2048.0 2048.0
2048.0 2048.0 2048.0 2048.0 2048.0 2048.0 2048.0 2048.0 2048.0 2048.0
2048.0 2048.0 2048.0 2048.0 2048.0 2048.0 2048.0 2048.0 2048.0 2048.0
2048.0 2048.0 2048.0 2048.0 2048.0 2048.0 2048.0 2048.0 2048.0 2048.0
2048.0 2048.0 2048.0 2048.0 2048.0 2048.0 2048.0 2048.0 2048.0 2048.0
2048.0 2048.0 2048.0 2048.0 2048.0 2048.0 2048.0 2048.0 2048.0 2048.0
2048.0 2048.0 2048.0 2048.0 2048.0 2048.0 2048.0 2048.0 2048.0 2048.0
2048.0 2048.0 2048.0 2048.0 2048.0 2048.0 2048.0 2048.0 2048.0 2048.0
2048.0 2048.0 2048.0 2048.0 2048.0 2048.0 2048.0 2048.0 2048.0 2048.0
2048.0 2048.0 2048.0 2048.0 2048.0 2048.0 2048.0 2048.0 2048.0 2048.0

Skip CPU verification (N > 512), jalankan seq.cu jika ingin cek.

[CUBLAS] N=1024
cuBLAS matmul, N = 1024
Nama: Tara Mazaya Lababan
NPM: 2406514564
Matrix Size (N) = 1024
        Total Execution Time = 14.839 ms
        Computation Time = 8.676 ms
        Communication Time = 6.163 ms

Result matrix (first 10x10):
2048.0 2048.0 2048.0 2048.0 2048.0 2048.0 2048.0 2048.0 2048.0 2048.0
2048.0 2048.0 2048.0 2048.0 2048.0 2048.0 2048.0 2048.0 2048.0 2048.0
2048.0 2048.0 2048.0 2048.0 2048.0 2048.0 2048.0 2048.0 2048.0 2048.0
2048.0 2048.0 2048.0 2048.0 2048.0 2048.0 2048.0 2048.0 2048.0 2048.0
2048.0 2048.0 2048.0 2048.0 2048.0 2048.0 2048.0 2048.0 2048.0 2048.0
2048.0 2048.0 2048.0 2048.0 2048.0 2048.0 2048.0 2048.0 2048.0 2048.0
2048.0 2048.0 2048.0 2048.0 2048.0 2048.0 2048.0 2048.0 2048.0 2048.0
2048.0 2048.0 2048.0 2048.0 2048.0 2048.0 2048.0 2048.0 2048.0 2048.0
2048.0 2048.0 2048.0 2048.0 2048.0 2048.0 2048.0 2048.0 2048.0 2048.0
2048.0 2048.0 2048.0 2048.0 2048.0 2048.0 2048.0 2048.0 2048.0 2048.0

Skip CPU verification (N > 512), jalankan seq.cu jika ingin cek.

[MPI] N=1024, np=1
Nama: Tara Mazaya Lababan
NPM: 2406514564
Matrix Size (N) = 1024
        Total Execution Time = 5791.955 ms
        Computation Time = 5786.035 ms
        Communication Time = 5.920 ms

Result matrix (first 10x10):
2048.00 2048.00 2048.00 2048.00 2048.00 2048.00 2048.00 2048.00 2048.00 2048.00
2048.00 2048.00 2048.00 2048.00 2048.00 2048.00 2048.00 2048.00 2048.00 2048.00
2048.00 2048.00 2048.00 2048.00 2048.00 2048.00 2048.00 2048.00 2048.00 2048.00
2048.00 2048.00 2048.00 2048.00 2048.00 2048.00 2048.00 2048.00 2048.00 2048.00
2048.00 2048.00 2048.00 2048.00 2048.00 2048.00 2048.00 2048.00 2048.00 2048.00
2048.00 2048.00 2048.00 2048.00 2048.00 2048.00 2048.00 2048.00 2048.00 2048.00
2048.00 2048.00 2048.00 2048.00 2048.00 2048.00 2048.00 2048.00 2048.00 2048.00
2048.00 2048.00 2048.00 2048.00 2048.00 2048.00 2048.00 2048.00 2048.00 2048.00
2048.00 2048.00 2048.00 2048.00 2048.00 2048.00 2048.00 2048.00 2048.00 2048.00
2048.00 2048.00 2048.00 2048.00 2048.00 2048.00 2048.00 2048.00 2048.00 2048.00

Max error vs CPU = 0.000000e+00

[MPI] N=1024, np=2
Nama: Tara Mazaya Lababan
NPM: 2406514564
Matrix Size (N) = 1024
        Total Execution Time = 2929.301 ms
        Computation Time = 2890.222 ms
        Communication Time = 39.078 ms

Result matrix (first 10x10):
2048.00 2048.00 2048.00 2048.00 2048.00 2048.00 2048.00 2048.00 2048.00 2048.00
2048.00 2048.00 2048.00 2048.00 2048.00 2048.00 2048.00 2048.00 2048.00 2048.00
2048.00 2048.00 2048.00 2048.00 2048.00 2048.00 2048.00 2048.00 2048.00 2048.00
2048.00 2048.00 2048.00 2048.00 2048.00 2048.00 2048.00 2048.00 2048.00 2048.00
2048.00 2048.00 2048.00 2048.00 2048.00 2048.00 2048.00 2048.00 2048.00 2048.00
2048.00 2048.00 2048.00 2048.00 2048.00 2048.00 2048.00 2048.00 2048.00 2048.00
2048.00 2048.00 2048.00 2048.00 2048.00 2048.00 2048.00 2048.00 2048.00 2048.00
2048.00 2048.00 2048.00 2048.00 2048.00 2048.00 2048.00 2048.00 2048.00 2048.00
2048.00 2048.00 2048.00 2048.00 2048.00 2048.00 2048.00 2048.00 2048.00 2048.00
2048.00 2048.00 2048.00 2048.00 2048.00 2048.00 2048.00 2048.00 2048.00 2048.00

Max error vs CPU = 0.000000e+00

[MPI] N=1024, np=4
Nama: Tara Mazaya Lababan
NPM: 2406514564
Matrix Size (N) = 1024
        Total Execution Time = 1494.792 ms
        Computation Time = 1479.530 ms
        Communication Time = 15.262 ms

Result matrix (first 10x10):
2048.00 2048.00 2048.00 2048.00 2048.00 2048.00 2048.00 2048.00 2048.00 2048.00
2048.00 2048.00 2048.00 2048.00 2048.00 2048.00 2048.00 2048.00 2048.00 2048.00
2048.00 2048.00 2048.00 2048.00 2048.00 2048.00 2048.00 2048.00 2048.00 2048.00
2048.00 2048.00 2048.00 2048.00 2048.00 2048.00 2048.00 2048.00 2048.00 2048.00
2048.00 2048.00 2048.00 2048.00 2048.00 2048.00 2048.00 2048.00 2048.00 2048.00
2048.00 2048.00 2048.00 2048.00 2048.00 2048.00 2048.00 2048.00 2048.00 2048.00
2048.00 2048.00 2048.00 2048.00 2048.00 2048.00 2048.00 2048.00 2048.00 2048.00
2048.00 2048.00 2048.00 2048.00 2048.00 2048.00 2048.00 2048.00 2048.00 2048.00
2048.00 2048.00 2048.00 2048.00 2048.00 2048.00 2048.00 2048.00 2048.00 2048.00
2048.00 2048.00 2048.00 2048.00 2048.00 2048.00 2048.00 2048.00 2048.00 2048.00

Max error vs CPU = 0.000000e+00

[MPI] N=1024, np=8
Nama: Tara Mazaya Lababan
NPM: 2406514564
Matrix Size (N) = 1024
        Total Execution Time = 821.533 ms
        Computation Time = 740.562 ms
        Communication Time = 80.971 ms

Result matrix (first 10x10):
2048.00 2048.00 2048.00 2048.00 2048.00 2048.00 2048.00 2048.00 2048.00 2048.00
2048.00 2048.00 2048.00 2048.00 2048.00 2048.00 2048.00 2048.00 2048.00 2048.00
2048.00 2048.00 2048.00 2048.00 2048.00 2048.00 2048.00 2048.00 2048.00 2048.00
2048.00 2048.00 2048.00 2048.00 2048.00 2048.00 2048.00 2048.00 2048.00 2048.00
2048.00 2048.00 2048.00 2048.00 2048.00 2048.00 2048.00 2048.00 2048.00 2048.00
2048.00 2048.00 2048.00 2048.00 2048.00 2048.00 2048.00 2048.00 2048.00 2048.00
2048.00 2048.00 2048.00 2048.00 2048.00 2048.00 2048.00 2048.00 2048.00 2048.00
2048.00 2048.00 2048.00 2048.00 2048.00 2048.00 2048.00 2048.00 2048.00 2048.00
2048.00 2048.00 2048.00 2048.00 2048.00 2048.00 2048.00 2048.00 2048.00 2048.00
2048.00 2048.00 2048.00 2048.00 2048.00 2048.00 2048.00 2048.00 2048.00 2048.00

Max error vs CPU = 0.000000e+00

########################################################
N = 2048
########################################################

[SEQ] CPU sequential, N=2048
Sequential CPU matmul, N = 2048
CPU compute time: 41532.342 ms

Result C (first 10x10):
4096.0 4096.0 4096.0 4096.0 4096.0 4096.0 4096.0 4096.0 4096.0 4096.0
4096.0 4096.0 4096.0 4096.0 4096.0 4096.0 4096.0 4096.0 4096.0 4096.0
4096.0 4096.0 4096.0 4096.0 4096.0 4096.0 4096.0 4096.0 4096.0 4096.0
4096.0 4096.0 4096.0 4096.0 4096.0 4096.0 4096.0 4096.0 4096.0 4096.0
4096.0 4096.0 4096.0 4096.0 4096.0 4096.0 4096.0 4096.0 4096.0 4096.0
4096.0 4096.0 4096.0 4096.0 4096.0 4096.0 4096.0 4096.0 4096.0 4096.0
4096.0 4096.0 4096.0 4096.0 4096.0 4096.0 4096.0 4096.0 4096.0 4096.0
4096.0 4096.0 4096.0 4096.0 4096.0 4096.0 4096.0 4096.0 4096.0 4096.0
4096.0 4096.0 4096.0 4096.0 4096.0 4096.0 4096.0 4096.0 4096.0 4096.0
4096.0 4096.0 4096.0 4096.0 4096.0 4096.0 4096.0 4096.0 4096.0 4096.0

[CUDA-NOPT] N=2048, blockSize=8
CUDA matmul (no shared memory), N = 2048, blockSize = 8
Nama: Tara Mazaya Lababan
NPM: 2406514564
Matrix Size (N) = 2048
        Total Execution Time = 94.388 ms
        Computation Time = 68.520 ms
        Communication Time = 25.868 ms

Result matrix (first 10x10):
4096.0 4096.0 4096.0 4096.0 4096.0 4096.0 4096.0 4096.0 4096.0 4096.0
4096.0 4096.0 4096.0 4096.0 4096.0 4096.0 4096.0 4096.0 4096.0 4096.0
4096.0 4096.0 4096.0 4096.0 4096.0 4096.0 4096.0 4096.0 4096.0 4096.0
4096.0 4096.0 4096.0 4096.0 4096.0 4096.0 4096.0 4096.0 4096.0 4096.0
4096.0 4096.0 4096.0 4096.0 4096.0 4096.0 4096.0 4096.0 4096.0 4096.0
4096.0 4096.0 4096.0 4096.0 4096.0 4096.0 4096.0 4096.0 4096.0 4096.0
4096.0 4096.0 4096.0 4096.0 4096.0 4096.0 4096.0 4096.0 4096.0 4096.0
4096.0 4096.0 4096.0 4096.0 4096.0 4096.0 4096.0 4096.0 4096.0 4096.0
4096.0 4096.0 4096.0 4096.0 4096.0 4096.0 4096.0 4096.0 4096.0 4096.0
4096.0 4096.0 4096.0 4096.0 4096.0 4096.0 4096.0 4096.0 4096.0 4096.0

Skip CPU verification (N > 512), jalankan seq.cu jika ingin cek.

[CUDA-NOPT] N=2048, blockSize=16
CUDA matmul (no shared memory), N = 2048, blockSize = 16
Nama: Tara Mazaya Lababan
NPM: 2406514564
Matrix Size (N) = 2048
        Total Execution Time = 64.600 ms
        Computation Time = 44.460 ms
        Communication Time = 20.140 ms

Result matrix (first 10x10):
4096.0 4096.0 4096.0 4096.0 4096.0 4096.0 4096.0 4096.0 4096.0 4096.0
4096.0 4096.0 4096.0 4096.0 4096.0 4096.0 4096.0 4096.0 4096.0 4096.0
4096.0 4096.0 4096.0 4096.0 4096.0 4096.0 4096.0 4096.0 4096.0 4096.0
4096.0 4096.0 4096.0 4096.0 4096.0 4096.0 4096.0 4096.0 4096.0 4096.0
4096.0 4096.0 4096.0 4096.0 4096.0 4096.0 4096.0 4096.0 4096.0 4096.0
4096.0 4096.0 4096.0 4096.0 4096.0 4096.0 4096.0 4096.0 4096.0 4096.0
4096.0 4096.0 4096.0 4096.0 4096.0 4096.0 4096.0 4096.0 4096.0 4096.0
4096.0 4096.0 4096.0 4096.0 4096.0 4096.0 4096.0 4096.0 4096.0 4096.0
4096.0 4096.0 4096.0 4096.0 4096.0 4096.0 4096.0 4096.0 4096.0 4096.0
4096.0 4096.0 4096.0 4096.0 4096.0 4096.0 4096.0 4096.0 4096.0 4096.0

Skip CPU verification (N > 512), jalankan seq.cu jika ingin cek.

[CUDA-NOPT] N=2048, blockSize=32
CUDA matmul (no shared memory), N = 2048, blockSize = 32
Nama: Tara Mazaya Lababan
NPM: 2406514564
Matrix Size (N) = 2048
        Total Execution Time = 88.490 ms
        Computation Time = 65.905 ms
        Communication Time = 22.585 ms

Result matrix (first 10x10):
4096.0 4096.0 4096.0 4096.0 4096.0 4096.0 4096.0 4096.0 4096.0 4096.0
4096.0 4096.0 4096.0 4096.0 4096.0 4096.0 4096.0 4096.0 4096.0 4096.0
4096.0 4096.0 4096.0 4096.0 4096.0 4096.0 4096.0 4096.0 4096.0 4096.0
4096.0 4096.0 4096.0 4096.0 4096.0 4096.0 4096.0 4096.0 4096.0 4096.0
4096.0 4096.0 4096.0 4096.0 4096.0 4096.0 4096.0 4096.0 4096.0 4096.0
4096.0 4096.0 4096.0 4096.0 4096.0 4096.0 4096.0 4096.0 4096.0 4096.0
4096.0 4096.0 4096.0 4096.0 4096.0 4096.0 4096.0 4096.0 4096.0 4096.0
4096.0 4096.0 4096.0 4096.0 4096.0 4096.0 4096.0 4096.0 4096.0 4096.0
4096.0 4096.0 4096.0 4096.0 4096.0 4096.0 4096.0 4096.0 4096.0 4096.0
4096.0 4096.0 4096.0 4096.0 4096.0 4096.0 4096.0 4096.0 4096.0 4096.0

Skip CPU verification (N > 512), jalankan seq.cu jika ingin cek.

[CUDA-OPT-SHARED] N=2048, TILE_SIZE=8
CUDA matmul (shared memory), N = 2048, TILE_SIZE = 8
Nama: Tara Mazaya Lababan
NPM: 2406514564
Matrix Size (N) = 2048
        Total Execution Time = 87.762 ms
        Computation Time = 62.078 ms
        Communication Time = 25.684 ms

Result matrix (first 10x10):
4096.0 4096.0 4096.0 4096.0 4096.0 4096.0 4096.0 4096.0 4096.0 4096.0
4096.0 4096.0 4096.0 4096.0 4096.0 4096.0 4096.0 4096.0 4096.0 4096.0
4096.0 4096.0 4096.0 4096.0 4096.0 4096.0 4096.0 4096.0 4096.0 4096.0
4096.0 4096.0 4096.0 4096.0 4096.0 4096.0 4096.0 4096.0 4096.0 4096.0
4096.0 4096.0 4096.0 4096.0 4096.0 4096.0 4096.0 4096.0 4096.0 4096.0
4096.0 4096.0 4096.0 4096.0 4096.0 4096.0 4096.0 4096.0 4096.0 4096.0
4096.0 4096.0 4096.0 4096.0 4096.0 4096.0 4096.0 4096.0 4096.0 4096.0
4096.0 4096.0 4096.0 4096.0 4096.0 4096.0 4096.0 4096.0 4096.0 4096.0
4096.0 4096.0 4096.0 4096.0 4096.0 4096.0 4096.0 4096.0 4096.0 4096.0
4096.0 4096.0 4096.0 4096.0 4096.0 4096.0 4096.0 4096.0 4096.0 4096.0

Skip CPU verification (N > 512), jalankan seq.cu jika ingin cek.

[CUDA-OPT-SHARED] N=2048, TILE_SIZE=16
CUDA matmul (shared memory), N = 2048, TILE_SIZE = 16
Nama: Tara Mazaya Lababan
NPM: 2406514564
Matrix Size (N) = 2048
        Total Execution Time = 78.276 ms
        Computation Time = 60.015 ms
        Communication Time = 18.261 ms

Result matrix (first 10x10):
4096.0 4096.0 4096.0 4096.0 4096.0 4096.0 4096.0 4096.0 4096.0 4096.0
4096.0 4096.0 4096.0 4096.0 4096.0 4096.0 4096.0 4096.0 4096.0 4096.0
4096.0 4096.0 4096.0 4096.0 4096.0 4096.0 4096.0 4096.0 4096.0 4096.0
4096.0 4096.0 4096.0 4096.0 4096.0 4096.0 4096.0 4096.0 4096.0 4096.0
4096.0 4096.0 4096.0 4096.0 4096.0 4096.0 4096.0 4096.0 4096.0 4096.0
4096.0 4096.0 4096.0 4096.0 4096.0 4096.0 4096.0 4096.0 4096.0 4096.0
4096.0 4096.0 4096.0 4096.0 4096.0 4096.0 4096.0 4096.0 4096.0 4096.0
4096.0 4096.0 4096.0 4096.0 4096.0 4096.0 4096.0 4096.0 4096.0 4096.0
4096.0 4096.0 4096.0 4096.0 4096.0 4096.0 4096.0 4096.0 4096.0 4096.0
4096.0 4096.0 4096.0 4096.0 4096.0 4096.0 4096.0 4096.0 4096.0 4096.0

Skip CPU verification (N > 512), jalankan seq.cu jika ingin cek.

[CUDA-OPT-SHARED] N=2048, TILE_SIZE=32
CUDA matmul (shared memory), N = 2048, TILE_SIZE = 32
Nama: Tara Mazaya Lababan
NPM: 2406514564
Matrix Size (N) = 2048
        Total Execution Time = 79.181 ms
        Computation Time = 59.259 ms
        Communication Time = 19.922 ms

Result matrix (first 10x10):
4096.0 4096.0 4096.0 4096.0 4096.0 4096.0 4096.0 4096.0 4096.0 4096.0
4096.0 4096.0 4096.0 4096.0 4096.0 4096.0 4096.0 4096.0 4096.0 4096.0
4096.0 4096.0 4096.0 4096.0 4096.0 4096.0 4096.0 4096.0 4096.0 4096.0
4096.0 4096.0 4096.0 4096.0 4096.0 4096.0 4096.0 4096.0 4096.0 4096.0
4096.0 4096.0 4096.0 4096.0 4096.0 4096.0 4096.0 4096.0 4096.0 4096.0
4096.0 4096.0 4096.0 4096.0 4096.0 4096.0 4096.0 4096.0 4096.0 4096.0
4096.0 4096.0 4096.0 4096.0 4096.0 4096.0 4096.0 4096.0 4096.0 4096.0
4096.0 4096.0 4096.0 4096.0 4096.0 4096.0 4096.0 4096.0 4096.0 4096.0
4096.0 4096.0 4096.0 4096.0 4096.0 4096.0 4096.0 4096.0 4096.0 4096.0
4096.0 4096.0 4096.0 4096.0 4096.0 4096.0 4096.0 4096.0 4096.0 4096.0

Skip CPU verification (N > 512), jalankan seq.cu jika ingin cek.

[CUBLAS] N=2048
cuBLAS matmul, N = 2048
Nama: Tara Mazaya Lababan
NPM: 2406514564
Matrix Size (N) = 2048
        Total Execution Time = 64.461 ms
        Computation Time = 45.429 ms
        Communication Time = 19.032 ms

Result matrix (first 10x10):
4096.0 4096.0 4096.0 4096.0 4096.0 4096.0 4096.0 4096.0 4096.0 4096.0
4096.0 4096.0 4096.0 4096.0 4096.0 4096.0 4096.0 4096.0 4096.0 4096.0
4096.0 4096.0 4096.0 4096.0 4096.0 4096.0 4096.0 4096.0 4096.0 4096.0
4096.0 4096.0 4096.0 4096.0 4096.0 4096.0 4096.0 4096.0 4096.0 4096.0
4096.0 4096.0 4096.0 4096.0 4096.0 4096.0 4096.0 4096.0 4096.0 4096.0
4096.0 4096.0 4096.0 4096.0 4096.0 4096.0 4096.0 4096.0 4096.0 4096.0
4096.0 4096.0 4096.0 4096.0 4096.0 4096.0 4096.0 4096.0 4096.0 4096.0
4096.0 4096.0 4096.0 4096.0 4096.0 4096.0 4096.0 4096.0 4096.0 4096.0
4096.0 4096.0 4096.0 4096.0 4096.0 4096.0 4096.0 4096.0 4096.0 4096.0
4096.0 4096.0 4096.0 4096.0 4096.0 4096.0 4096.0 4096.0 4096.0 4096.0

Skip CPU verification (N > 512), jalankan seq.cu jika ingin cek.

[MPI] N=2048, np=1
Nama: Tara Mazaya Lababan
NPM: 2406514564
Matrix Size (N) = 2048
        Total Execution Time = 39497.248 ms
        Computation Time = 39476.181 ms
        Communication Time = 21.067 ms

Result matrix (first 10x10):
4096.00 4096.00 4096.00 4096.00 4096.00 4096.00 4096.00 4096.00 4096.00 4096.00
4096.00 4096.00 4096.00 4096.00 4096.00 4096.00 4096.00 4096.00 4096.00 4096.00
4096.00 4096.00 4096.00 4096.00 4096.00 4096.00 4096.00 4096.00 4096.00 4096.00
4096.00 4096.00 4096.00 4096.00 4096.00 4096.00 4096.00 4096.00 4096.00 4096.00
4096.00 4096.00 4096.00 4096.00 4096.00 4096.00 4096.00 4096.00 4096.00 4096.00
4096.00 4096.00 4096.00 4096.00 4096.00 4096.00 4096.00 4096.00 4096.00 4096.00
4096.00 4096.00 4096.00 4096.00 4096.00 4096.00 4096.00 4096.00 4096.00 4096.00
4096.00 4096.00 4096.00 4096.00 4096.00 4096.00 4096.00 4096.00 4096.00 4096.00
4096.00 4096.00 4096.00 4096.00 4096.00 4096.00 4096.00 4096.00 4096.00 4096.00
4096.00 4096.00 4096.00 4096.00 4096.00 4096.00 4096.00 4096.00 4096.00 4096.00

Max error vs CPU = 0.000000e+00

[MPI] N=2048, np=2
Nama: Tara Mazaya Lababan
NPM: 2406514564
Matrix Size (N) = 2048
        Total Execution Time = 23817.226 ms
        Computation Time = 23779.788 ms
        Communication Time = 37.438 ms

Result matrix (first 10x10):
4096.00 4096.00 4096.00 4096.00 4096.00 4096.00 4096.00 4096.00 4096.00 4096.00
4096.00 4096.00 4096.00 4096.00 4096.00 4096.00 4096.00 4096.00 4096.00 4096.00
4096.00 4096.00 4096.00 4096.00 4096.00 4096.00 4096.00 4096.00 4096.00 4096.00
4096.00 4096.00 4096.00 4096.00 4096.00 4096.00 4096.00 4096.00 4096.00 4096.00
4096.00 4096.00 4096.00 4096.00 4096.00 4096.00 4096.00 4096.00 4096.00 4096.00
4096.00 4096.00 4096.00 4096.00 4096.00 4096.00 4096.00 4096.00 4096.00 4096.00
4096.00 4096.00 4096.00 4096.00 4096.00 4096.00 4096.00 4096.00 4096.00 4096.00
4096.00 4096.00 4096.00 4096.00 4096.00 4096.00 4096.00 4096.00 4096.00 4096.00
4096.00 4096.00 4096.00 4096.00 4096.00 4096.00 4096.00 4096.00 4096.00 4096.00
4096.00 4096.00 4096.00 4096.00 4096.00 4096.00 4096.00 4096.00 4096.00 4096.00

Max error vs CPU = 0.000000e+00

[MPI] N=2048, np=4
Nama: Tara Mazaya Lababan
NPM: 2406514564
Matrix Size (N) = 2048
        Total Execution Time = 10530.191 ms
        Computation Time = 9996.379 ms
        Communication Time = 533.812 ms

Result matrix (first 10x10):
4096.00 4096.00 4096.00 4096.00 4096.00 4096.00 4096.00 4096.00 4096.00 4096.00
4096.00 4096.00 4096.00 4096.00 4096.00 4096.00 4096.00 4096.00 4096.00 4096.00
4096.00 4096.00 4096.00 4096.00 4096.00 4096.00 4096.00 4096.00 4096.00 4096.00
4096.00 4096.00 4096.00 4096.00 4096.00 4096.00 4096.00 4096.00 4096.00 4096.00
4096.00 4096.00 4096.00 4096.00 4096.00 4096.00 4096.00 4096.00 4096.00 4096.00
4096.00 4096.00 4096.00 4096.00 4096.00 4096.00 4096.00 4096.00 4096.00 4096.00
4096.00 4096.00 4096.00 4096.00 4096.00 4096.00 4096.00 4096.00 4096.00 4096.00
4096.00 4096.00 4096.00 4096.00 4096.00 4096.00 4096.00 4096.00 4096.00 4096.00
4096.00 4096.00 4096.00 4096.00 4096.00 4096.00 4096.00 4096.00 4096.00 4096.00
4096.00 4096.00 4096.00 4096.00 4096.00 4096.00 4096.00 4096.00 4096.00 4096.00

Max error vs CPU = 0.000000e+00

[MPI] N=2048, np=8
Nama: Tara Mazaya Lababan
NPM: 2406514564
Matrix Size (N) = 2048
        Total Execution Time = 6045.248 ms
        Computation Time = 4997.036 ms
        Communication Time = 1048.212 ms

Result matrix (first 10x10):
4096.00 4096.00 4096.00 4096.00 4096.00 4096.00 4096.00 4096.00 4096.00 4096.00
4096.00 4096.00 4096.00 4096.00 4096.00 4096.00 4096.00 4096.00 4096.00 4096.00
4096.00 4096.00 4096.00 4096.00 4096.00 4096.00 4096.00 4096.00 4096.00 4096.00
4096.00 4096.00 4096.00 4096.00 4096.00 4096.00 4096.00 4096.00 4096.00 4096.00
4096.00 4096.00 4096.00 4096.00 4096.00 4096.00 4096.00 4096.00 4096.00 4096.00
4096.00 4096.00 4096.00 4096.00 4096.00 4096.00 4096.00 4096.00 4096.00 4096.00
4096.00 4096.00 4096.00 4096.00 4096.00 4096.00 4096.00 4096.00 4096.00 4096.00
4096.00 4096.00 4096.00 4096.00 4096.00 4096.00 4096.00 4096.00 4096.00 4096.00
4096.00 4096.00 4096.00 4096.00 4096.00 4096.00 4096.00 4096.00 4096.00 4096.00
4096.00 4096.00 4096.00 4096.00 4096.00 4096.00 4096.00 4096.00 4096.00 4096.00

Max error vs CPU = 0.000000e+00